# Time (s)            n_hot (m**-3)       n_e (m**-3)         T_e (ev)            E_par (V/m)         v_c (v_th0)         tau               
 0.000000000000e+00  1.666262367798e-24  3.000000000000e+19  7.000000000000e+03  1.000000000000e-02  9.870175615560e+00  0.000000000000e+00 
 5.000000000000e-06  4.712827674802e-06  3.393406794216e+19  6.770840542369e+03  1.985066458832e-02  7.430370021372e+00  7.193747726619e-04 
 1.000000000000e-05  8.330350497452e+00  3.773916179621e+19  6.549193825371e+03  2.960331342631e-02  6.400616595055e+00  2.877499090648e-03 
 1.500000000000e-05  1.246648550553e+04  4.141950983568e+19  6.334813552071e+03  3.925892178698e-02  5.809291018265e+00  6.474372953957e-03 
 2.000000000000e-05  1.086552233851e+06  4.497920171485e+19  6.127461500110e+03  4.881845523920e-02  5.417018570915e+00  1.150999636259e-02 
 2.500000000000e-05  2.271111101449e+07  4.842219301313e+19  5.926907256985e+03  5.828286974429e-02  5.133412222645e+00  1.798436931655e-02 
 3.000000000000e-05  2.091374003099e+08  5.175230963064e+19  5.732927964015e+03  6.765311175159e-02  4.916159506590e+00  2.589749181583e-02 
 3.500000000000e-05  1.150778304434e+09  5.497325203959e+19  5.545308068694e+03  7.693011829311e-02  4.742629252156e+00  3.524936386043e-02 
 4.000000000000e-05  4.483357253129e+09  5.808859939624e+19  5.363839085169e+03  8.611481707723e-02  4.599553518977e+00  4.603998545036e-02 
 4.500000000000e-05  1.369506272403e+10  6.110181351819e+19  5.188319362565e+03  9.520812658148e-02  4.478610882671e+00  5.826935658561e-02 
 5.000000000000e-05  3.500392526011e+10  6.401624273115e+19  5.018553860911e+03  1.042109561444e-01  4.374304422686e+00  7.193747726619e-02 
 5.500000000000e-05  7.818552235421e+10  6.683512558963e+19  4.854353934404e+03  1.131242060564e-01  4.282850161731e+00  8.704434749209e-02 
 6.000000000000e-05  1.572818912297e+11  6.956159447572e+19  4.695537121789e+03  1.219487676500e-01  4.201554197885e+00  1.035899672633e-01 
 6.500000000000e-05  2.911655790374e+11  7.219867907982e+19  4.541926943601e+03  1.306855233886e-01  4.128444238118e+00  1.215743365799e-01 
 7.000000000000e-05  5.039569976301e+11  7.474930976723e+19  4.393352706059e+03  1.393353469552e-01  4.062041682575e+00  1.409974554417e-01 
 7.500000000000e-05  8.253025177187e+11  7.721632083448e+19  4.249649311391e+03  1.478991033392e-01  4.001215272916e+00  1.618593238489e-01 
 8.000000000000e-05  1.290521714008e+12  7.960245365880e+19  4.110657074375e+03  1.563776489235e-01  3.945084073514e+00  1.841599418014e-01 
 8.500000000000e-05  1.940629852251e+12  8.191035974436e+19  3.976221544891e+03  1.647718315696e-01  3.892951364639e+00  2.078993092993e-01 
 9.000000000000e-05  2.822238878604e+12  8.414260366872e+19  3.846193336297e+03  1.730824907028e-01  3.844258506456e+00  2.330774263424e-01 
 9.500000000000e-05  3.987338068956e+12  8.630166593256e+19  3.720427959428e+03  1.813104573961e-01  3.798552054710e+00  2.596942929309e-01 
 1.000000000000e-04  5.492954499002e+12  8.838994571609e+19  3.598785662038e+03  1.894565544528e-01  3.755459879305e+00  2.877499090648e-01 
 1.050000000000e-04  7.400693579412e+12  9.040976354503e+19  3.481131273502e+03  1.975215964895e-01  3.714673528751e+00  3.172442747439e-01 
 1.100000000000e-04  9.776160884481e+12  9.236336386922e+19  3.367334054618e+03  2.055063900171e-01  3.675935009779e+00  3.481773899683e-01 
 1.150000000000e-04  1.268826817008e+13  9.425291755669e+19  3.257267552323e+03  2.134117335217e-01  3.639026741192e+00  3.805492547381e-01 
 1.200000000000e-04  1.620842862048e+13  9.608052430593e+19  3.150809459179e+03  2.212384175441e-01  3.603763824955e+00  4.143598690532e-01 
 1.250000000000e-04  2.040964880196e+13  9.784821497915e+19  3.047841477464e+03  2.289872247593e-01  3.569988032609e+00  4.496092329137e-01 
 1.300000000000e-04  2.536552737711e+13  9.955795385896e+19  2.948249187716e+03  2.366589300545e-01  3.537563077731e+00  4.862973463194e-01 
 1.350000000000e-04  3.114917321397e+13  1.012116408311e+20  2.851921921587e+03  2.442543006065e-01  3.506370863867e+00  5.244242092705e-01 
 1.400000000000e-04  3.783205799184e+13  1.028111134958e+20  2.758752638872e+03  2.517740959588e-01  3.476308480415e+00  5.639898217669e-01 
 1.450000000000e-04  4.548282066112e+13  1.043581492093e+20  2.668637808559e+03  2.592190680972e-01  3.447285777707e+00  6.049941838086e-01 
 1.500000000000e-04  5.416604307016e+13  1.058544670594e+20  2.581477293788e+03  2.665899615251e-01  3.419223394768e+00  6.474372953957e-01 
 1.550000000000e-04  6.394101765560e+13  1.073017297755e+20  2.497174240576e+03  2.738875133380e-01  3.392051143911e+00  6.913191565281e-01 
 1.600000000000e-04  7.486052924175e+13  1.087015455762e+20  2.415634970189e+03  2.811124532970e-01  3.365706678879e+00  7.366397672058e-01 
 1.650000000000e-04  8.696967366398e+13  1.100554699562e+20  2.336768875050e+03  2.882655039024e-01  3.340134389994e+00  7.833991274288e-01 
 1.700000000000e-04  1.003047360874e+14  1.113650074155e+20  2.260488318048e+03  2.953473804650e-01  3.315284482285e+00  8.315972371971e-01 
 1.750000000000e-04  1.148921515179e+14  1.126316131302e+20  2.186708535163e+03  3.023587911785e-01  3.291112202135e+00  8.812340965108e-01 
 1.800000000000e-04  1.307475690943e+14  1.138566945705e+20  2.115347541266e+03  3.093004371897e-01  3.267577185172e+00  9.323097053698e-01 
 1.850000000000e-04  1.478750403244e+14  1.150416130640e+20  2.046326039023e+03  3.161730126690e-01  3.244642903735e+00  9.848240637741e-01 
 1.900000000000e-04  1.662663495025e+14  1.161876853086e+20  1.979567330774e+03  3.229772048798e-01  3.222276196586e+00  1.038777171724e+00 
 1.950000000000e-04  1.859005021780e+14  1.172961848359e+20  1.914997233308e+03  3.297136942468e-01  3.200446866872e+00  1.094169029219e+00 
 2.000000000000e-04  2.067433847696e+14  1.183683434261e+20  1.852543995429e+03  3.363831544247e-01  3.179127337034e+00  1.150999636259e+00 
 2.050000000000e-04  2.287476053210e+14  1.194053524768e+20  1.792138218225e+03  3.429862523650e-01  3.158292351436e+00  1.209268992845e+00 
 2.100000000000e-04  2.518525220310e+14  1.204083643270e+20  1.733712777952e+03  3.495236483831e-01  3.137918719168e+00  1.268977098976e+00 
 2.150000000000e-04  2.759844626604e+14  1.213784935375e+20  1.677202751442e+03  3.559959962239e-01  3.117985090808e+00  1.330123954652e+00 
 2.200000000000e-04  3.010571342882e+14  1.223168181294e+20  1.622545343962e+03  3.624039431277e-01  3.098471764008e+00  1.392709559873e+00 
 2.250000000000e-04  3.269722192718e+14  1.232243807822e+20  1.569679819438e+03  3.687481298944e-01  3.079360513637e+00  1.456733914640e+00 
 2.300000000000e-04  3.536201497204e+14  1.241021899922e+20  1.518547432957e+03  3.750291909481e-01  3.060634442924e+00  1.522197018953e+00 
 2.350000000000e-04  3.808810494301e+14  1.249512211932e+20  1.469091365497e+03  3.812477544001e-01  3.042277852625e+00  1.589098872810e+00 
 2.400000000000e-04  4.086258291099e+14  1.257724178406e+20  1.421256660783e+03  3.874044421119e-01  3.024276125698e+00  1.657439476213e+00 
 2.450000000000e-04  4.367174179304e+14  1.265666924597e+20  1.374990164221e+03  3.934998697574e-01  3.006615625381e+00  1.727218829161e+00 
 2.500000000000e-04  4.650121120186e+14  1.273349276595e+20  1.330240463835e+03  3.995346468845e-01  2.989283604886e+00  1.798436931655e+00 
 2.550000000000e-04  4.933610185367e+14  1.280779771137e+20  1.286957833129e+03  4.055093769759e-01  2.972268127175e+00  1.871093783694e+00 
 2.600000000000e-04  5.216115724754e+14  1.287966665092e+20  1.245094175839e+03  4.114246575095e-01  2.955557993526e+00  1.945189385278e+00 
 2.650000000000e-04  5.496091022759e+14  1.294917944638e+20  1.204602972483e+03  4.172810800184e-01  2.939142679784e+00  2.020723736407e+00 
 2.700000000000e-04  5.771984198843e+14  1.301641334134e+20  1.165439228669e+03  4.230792301498e-01  2.923012279340e+00  2.097696837082e+00 
 2.750000000000e-04  6.042254108381e+14  1.308144304704e+20  1.127559425097e+03  4.288196877233e-01  2.907157452017e+00  2.176108687302e+00 
 2.800000000000e-04  6.305386004663e+14  1.314434082541e+20  1.090921469199e+03  4.345030267897e-01  2.891569378159e+00  2.255959287068e+00 
 2.850000000000e-04  6.559906732329e+14  1.320517656933e+20  1.055484648366e+03  4.401298156875e-01  2.876239717313e+00  2.337248636378e+00 
 2.900000000000e-04  6.804399236224e+14  1.326401788033e+20  1.021209584707e+03  4.457006171003e-01  2.861160570970e+00  2.419976735235e+00 
 2.950000000000e-04  7.037516187200e+14  1.332093014371e+20  9.880581912899e+02  4.512159881128e-01  2.846324448897e+00  2.504143583636e+00 
 3.000000000000e-04  7.257992547138e+14  1.337597660116e+20  9.559936298239e+02  4.566764802669e-01  2.831724238681e+00  2.589749181583e+00 
 3.050000000000e-04  7.467822909790e+14  1.342921842108e+20  9.249802697191e+02  4.620826396162e-01  2.817353178100e+00  2.676074154302e+00 
 3.100000000000e-04  7.669449149207e+14  1.348071476653e+20  8.949836484957e+02  4.674350067813e-01  2.803204830040e+00  2.762399127022e+00 
 3.150000000000e-04  7.862382541551e+14  1.353052286096e+20  8.659704334883e+02  4.727341170032e-01  2.789273059678e+00  2.848724099741e+00 
 3.200000000000e-04  8.046183963755e+14  1.357869805183e+20  8.379083848065e+02  4.779805001974e-01  2.775552013690e+00  2.935049072460e+00 
 3.250000000000e-04  8.220464327201e+14  1.362529387209e+20  8.107663195089e+02  4.831746810066e-01  2.762036101279e+00  3.021374045180e+00 
 3.300000000000e-04  8.384884621447e+14  1.367036209965e+20  7.845140769527e+02  4.883171788532e-01  2.748719976836e+00  3.107699017899e+00 
 3.350000000000e-04  8.539155595314e+14  1.371395281497e+20  7.591224852786e+02  4.934085079913e-01  2.735598524074e+00  3.194023990619e+00 
 3.400000000000e-04  8.683037104228e+14  1.375611445666e+20  7.345633289946e+02  4.984491775581e-01  2.722666841480e+00  3.280348963338e+00 
 3.450000000000e-04  8.816337153649e+14  1.379689387533e+20  7.108093176224e+02  5.034396916246e-01  2.709920228970e+00  3.366673936058e+00 
 3.500000000000e-04  8.938910669066e+14  1.383633638563e+20  6.878340553722e+02  5.083805492465e-01  2.697354175617e+00  3.452998908777e+00 
 3.550000000000e-04  9.050658023100e+14  1.387448581663e+20  6.656120118110e+02  5.132722445136e-01  2.684964348368e+00  3.539323881496e+00 
 3.600000000000e-04  9.151523350098e+14  1.391138456053e+20  6.441184934930e+02  5.181152665996e-01  2.672746581637e+00  3.625648854216e+00 
 3.650000000000e-04  9.241492677988e+14  1.394707361971e+20  6.233296165198e+02  5.229100998107e-01  2.660696867709e+00  3.711973826935e+00 
 3.700000000000e-04  9.320591906347e+14  1.398159265236e+20  6.032222800004e+02  5.276572236342e-01  2.648811347879e+00  3.798298799655e+00 
 3.750000000000e-04  9.388884658558e+14  1.401498001651e+20  5.837741403811e+02  5.323571127864e-01  2.637086304251e+00  3.884623772374e+00 
 3.800000000000e-04  9.446470034597e+14  1.404727281268e+20  5.649635866168e+02  5.370102372602e-01  2.625518152152e+00  3.970948745094e+00 
 3.850000000000e-04  9.493480289591e+14  1.407850692505e+20  5.467697161570e+02  5.416170623719e-01  2.614103433095e+00  4.057273717813e+00 
 3.900000000000e-04  9.530078461669e+14  1.410871706143e+20  5.291723117182e+02  5.461780488078e-01  2.602838808256e+00  4.143598690532e+00 
 3.950000000000e-04  9.556455970984e+14  1.413793679173e+20  5.121518188183e+02  5.506936526705e-01  2.591721052405e+00  4.229923663252e+00 
 4.000000000000e-04  9.572830210024e+14  1.416619858533e+20  4.956893240474e+02  5.551643255240e-01  2.580747048276e+00  4.316248635971e+00 
 4.050000000000e-04  9.579442143592e+14  1.419353384712e+20  4.797665340509e+02  5.595905144393e-01  2.569913781311e+00  4.402573608691e+00 
 4.100000000000e-04  9.576553935035e+14  1.421997295244e+20  4.643657552016e+02  5.639726620391e-01  2.559218334778e+00  4.488898581410e+00 
 4.150000000000e-04  9.564446613565e+14  1.424554528079e+20  4.494698739387e+02  5.683112065417e-01  2.548657885206e+00  4.575223554130e+00 
 4.200000000000e-04  9.543417795775e+14  1.427027924850e+20  4.350623377503e+02  5.726065818052e-01  2.538229698131e+00  4.661548526849e+00 
 4.250000000000e-04  9.513779472765e+14  1.429420234029e+20  4.211271367806e+02  5.768592173708e-01  2.527931124116e+00  4.747873499568e+00 
 4.300000000000e-04  9.475855872707e+14  1.431734113985e+20  4.076487860392e+02  5.810695385054e-01  2.517759595032e+00  4.834198472288e+00 
 4.350000000000e-04  9.429981407119e+14  1.433972135932e+20  3.946123081943e+02  5.852379662448e-01  2.507712620575e+00  4.920523445007e+00 
 4.400000000000e-04  9.376498707647e+14  1.436136786793e+20  3.820032169291e+02  5.893649174352e-01  2.497787785003e+00  5.006848417727e+00 
 4.450000000000e-04  9.315756758825e+14  1.438230471958e+20  3.698075008449e+02  5.934508047752e-01  2.487982744077e+00  5.093173390446e+00 
 4.500000000000e-04  9.248109130961e+14  1.440255517959e+20  3.580116078914e+02  5.974960368568e-01  2.478295222190e+00  5.179498363166e+00 
 4.550000000000e-04  9.173912316154e+14  1.442214175055e+20  3.466024303072e+02  6.015010182067e-01  2.468723009668e+00  5.265823335885e+00 
 4.600000000000e-04  9.093524169360e+14  1.444108619733e+20  3.355672900545e+02  6.054661493263e-01  2.459263960237e+00  5.352148308604e+00 
 4.650000000000e-04  9.007302455419e+14  1.445940957128e+20  3.248939247310e+02  6.093918267321e-01  2.449915988638e+00  5.438473281324e+00 
 4.700000000000e-04  8.915603502108e+14  1.447713223357e+20  3.145704739438e+02  6.132784429951e-01  2.440677068380e+00  5.524798254043e+00 
 4.750000000000e-04  8.818780958458e+14  1.449427387789e+20  3.045854661298e+02  6.171263867800e-01  2.431545229626e+00  5.611123226763e+00 
 4.800000000000e-04  8.717184656897e+14  1.451085355226e+20  2.949278058088e+02  6.209360428846e-01  2.422518557200e+00  5.697448199482e+00 
 4.850000000000e-04  8.611159577157e+14  1.452688968025e+20  2.855867612533e+02  6.247077922776e-01  2.413595188702e+00  5.783773172201e+00 
 4.900000000000e-04  8.501044909357e+14  1.454240008144e+20  2.765519525638e+02  6.284420121371e-01  2.404773312731e+00  5.870098144921e+00 
 4.950000000000e-04  8.387173213223e+14  1.455740199119e+20  2.678133401347e+02  6.321390758882e-01  2.396051167209e+00  5.956423117640e+00 
 5.000000000000e-04  8.269869670030e+14  1.457191207983e+20  2.593612134973e+02  6.357993532403e-01  2.387427037792e+00  6.042748090360e+00 
 5.050000000000e-04  8.149451423545e+14  1.458594647119e+20  2.511861805303e+02  6.394232102242e-01  2.378899256366e+00  6.129073063079e+00 
 5.100000000000e-04  8.026227006002e+14  1.459952076048e+20  2.432791570227e+02  6.430110092287e-01  2.370466199627e+00  6.215398035799e+00 
 5.150000000000e-04  7.900495844950e+14  1.461265003162e+20  2.356313565792e+02  6.465631090365e-01  2.362126287733e+00  6.301723008518e+00 
 5.200000000000e-04  7.772547846696e+14  1.462534887407e+20  2.282342808570e+02  6.500798648608e-01  2.353877983023e+00  6.388047981237e+00 
 5.250000000000e-04  7.642663051964e+14  1.463763139893e+20  2.210797101220e+02  6.535616283800e-01  2.345719788810e+00  6.474372953957e+00 
 5.300000000000e-04  7.511111359355e+14  1.464951125474e+20  2.141596941151e+02  6.570087477732e-01  2.337650248224e+00  6.560697926676e+00 
 5.350000000000e-04  7.378152312193e+14  1.466100164254e+20  2.074665432176e+02  6.604215677555e-01  2.329667943125e+00  6.647022899396e+00 
 5.400000000000e-04  7.244034944363e+14  1.467211533063e+20  2.009928199066e+02  6.638004296115e-01  2.321771493054e+00  6.733347872115e+00 
 5.450000000000e-04  7.108997680815e+14  1.468286466869e+20  1.947313304901e+02  6.671456712303e-01  2.313959554253e+00  6.819672844835e+00 
 5.500000000000e-04  6.973268288481e+14  1.469326160152e+20  1.886751171135e+02  6.704576271389e-01  2.306230818717e+00  6.905997817554e+00 
 5.550000000000e-04  6.837063873485e+14  1.470331768236e+20  1.828174500277e+02  6.737366285356e-01  2.298584013294e+00  6.992322790273e+00 
 5.600000000000e-04  6.700590920605e+14  1.471304408565e+20  1.771518201110e+02  6.769830033232e-01  2.291017898838e+00  7.078647762993e+00 
 5.650000000000e-04  6.564045371138e+14  1.472245161951e+20  1.716719316362e+02  6.801970761420e-01  2.283531269380e+00  7.164972735712e+00 
 5.700000000000e-04  6.427612735433e+14  1.473155073773e+20  1.663716952746e+02  6.833791684019e-01  2.276122951355e+00  7.251297708432e+00 
 5.750000000000e-04  6.291468236534e+14  1.474035155137e+20  1.612452213293e+02  6.865295983147e-01  2.268791802854e+00  7.337622681151e+00 
 5.800000000000e-04  6.155776981542e+14  1.474886384002e+20  1.562868131906e+02  6.896486809262e-01  2.261536712904e+00  7.423947653871e+00 
 5.850000000000e-04  6.020694157481e+14  1.475709706265e+20  1.514909610062e+02  6.927367281472e-01  2.254356600791e+00  7.510272626590e+00 
 5.900000000000e-04  5.886365248618e+14  1.476506036814e+20  1.468523355578e+02  6.957940487849e-01  2.247250415397e+00  7.596597599309e+00 
 5.950000000000e-04  5.752926272383e+14  1.477276260542e+20  1.423657823401e+02  6.988209485740e-01  2.240217134572e+00  7.682922572029e+00 
 6.000000000000e-04  5.620504031190e+14  1.478021233334e+20  1.380263158323e+02  7.018177302069e-01  2.233255764527e+00  7.769247544748e+00 
 6.050000000000e-04  5.489216377655e+14  1.478741783011e+20  1.338291139583e+02  7.047846933644e-01  2.226365339250e+00  7.855572517468e+00 
 6.100000000000e-04  5.359172490875e+14  1.479438710261e+20  1.297695127289e+02  7.077221347452e-01  2.219544919944e+00  7.941897490187e+00 
 6.150000000000e-04  5.230473161585e+14  1.480112789518e+20  1.258430010583e+02  7.106303480959e-01  2.212793594482e+00  8.028222462907e+00 
 6.200000000000e-04  5.103211084198e+14  1.480764769828e+20  1.220452157518e+02  7.135096242403e-01  2.206110476882e+00  8.114547435626e+00 
 6.250000000000e-04  4.977471153884e+14  1.481395375681e+20  1.183719366571e+02  7.163602511084e-01  2.199494706799e+00  8.200872408345e+00 
 6.300000000000e-04  4.853330766987e+14  1.482005307815e+20  1.148190819751e+02  7.191825137652e-01  2.192945449032e+00  8.287197381065e+00 
 6.350000000000e-04  4.730860123234e+14  1.482595243996e+20  1.113827037241e+02  7.219766944394e-01  2.186461893041e+00  8.373522353784e+00 
 6.400000000000e-04  4.610122528346e+14  1.483165839768e+20  1.080589833523e+02  7.247430725513e-01  2.180043252483e+00  8.459847326504e+00 
 6.450000000000e-04  4.491174695762e+14  1.483717729185e+20  1.048442274953e+02  7.274819247411e-01  2.173688764754e+00  8.546172299223e+00 
 6.500000000000e-04  4.374067046350e+14  1.484251525516e+20  1.017348638712e+02  7.301935248963e-01  2.167397690543e+00  8.632497271943e+00 
 6.550000000000e-04  4.258844005065e+14  1.484767821921e+20  9.872743731177e+01  7.328781441792e-01  2.161169313396e+00  8.718822244662e+00 
 6.600000000000e-04  4.145544293668e+14  1.485267192116e+20  9.581860592245e+01  7.355360510538e-01  2.155002939285e+00  8.805147217381e+00 
 6.650000000000e-04  4.034201218683e+14  1.485750191010e+20  9.300513736911e+01  7.381675113132e-01  2.148897896189e+00  8.891472190101e+00 
 6.700000000000e-04  3.924842953893e+14  1.486217355316e+20  9.028390528613e+01  7.407727881055e-01  2.142853533671e+00  8.977797162820e+00 
 6.750000000000e-04  3.817492816785e+14  1.486669204154e+20  8.765188580231e+01  7.433521419606e-01  2.136869222472e+00  9.064122135540e+00 
 6.800000000000e-04  3.712169538388e+14  1.487106239626e+20  8.510615418079e+01  7.459058308160e-01  2.130944354097e+00  9.150447108259e+00 
 6.850000000000e-04  3.608887526097e+14  1.487528947370e+20  8.264388156894e+01  7.484341100427e-01  2.125078340409e+00  9.236772080978e+00 
 6.900000000000e-04  3.507657119085e+14  1.487937797106e+20  8.026233185499e+01  7.509372324708e-01  2.119270613230e+00  9.323097053698e+00 
 6.950000000000e-04  3.408484836026e+14  1.488333243154e+20  7.795885862755e+01  7.534154484146e-01  2.113520623927e+00  9.409422026417e+00 
 7.000000000000e-04  3.311373614872e+14  1.488715724938e+20  7.573090223495e+01  7.558690056978e-01  2.107827843015e+00  9.495746999137e+00 
 7.050000000000e-04  3.216323044525e+14  1.489085667478e+20  7.357598694085e+01  7.582981496781e-01  2.102191759750e+00  9.582071971856e+00 
 7.100000000000e-04  3.123329588259e+14  1.489443481859e+20  7.149171817323e+01  7.607031232719e-01  2.096611881717e+00  9.668396944576e+00 
 7.150000000000e-04  3.032386798825e+14  1.489789565689e+20  6.947577986345e+01  7.630841669787e-01  2.091087734425e+00  9.754721917295e+00 
 7.200000000000e-04  2.943485525192e+14  1.490124303541e+20  6.752593187265e+01  7.654415189047e-01  2.085618860888e+00  9.841046890014e+00 
 7.250000000000e-04  2.856614110937e+14  1.490448067382e+20  6.564000750246e+01  7.677754147871e-01  2.080204821212e+00  9.927371862734e+00 
 7.300000000000e-04  2.771758584312e+14  1.490761216981e+20  6.381591108732e+01  7.700860880175e-01  2.074845192164e+00  1.001369683545e+01 
 7.350000000000e-04  2.688902840055e+14  1.491064100315e+20  6.205161566576e+01  7.723737696651e-01  2.069539566748e+00  1.010002180817e+01 
 7.400000000000e-04  2.608028813052e+14  1.491357053952e+20  6.034516072803e+01  7.746386885000e-01  2.064287553770e+00  1.018634678089e+01 
 7.450000000000e-04  2.529116643950e+14  1.491640403427e+20  5.869465003750e+01  7.768810710160e-01  2.059088777390e+00  1.027267175361e+01 
 7.500000000000e-04  2.452144836881e+14  1.491914463601e+20  5.709824952361e+01  7.791011414531e-01  2.053942876675e+00  1.035899672633e+01 
 7.550000000000e-04  2.377090409437e+14  1.492179539014e+20  5.555418524375e+01  7.812991218202e-01  2.048849505143e+00  1.044532169905e+01 
 7.600000000000e-04  2.303929035085e+14  1.492435924221e+20  5.406074141210e+01  7.834752319173e-01  2.043808330292e+00  1.053164667177e+01 
 7.650000000000e-04  2.232635178198e+14  1.492683904121e+20  5.261625849295e+01  7.856296893572e-01  2.038819033126e+00  1.061797164449e+01 
 7.700000000000e-04  2.163182221920e+14  1.492923754274e+20  5.121913135669e+01  7.877627095873e-01  2.033881307673e+00  1.070429661721e+01 
 7.750000000000e-04  2.095542588987e+14  1.493155741202e+20  4.986780749607e+01  7.898745059115e-01  2.028994860489e+00  1.079062158993e+01 
 7.800000000000e-04  2.029687855924e+14  1.493380122695e+20  4.856078530112e+01  7.919652895112e-01  2.024159410153e+00  1.087694656265e+01 
 7.850000000000e-04  1.965588860569e+14  1.493597148087e+20  4.729661239047e+01  7.940352694665e-01  2.019374686759e+00  1.096327153537e+01 
 7.900000000000e-04  1.903215803342e+14  1.493807058541e+20  4.607388399750e+01  7.960846527772e-01  2.014640431388e+00  1.104959650809e+01 
 7.950000000000e-04  1.842538342414e+14  1.494010087312e+20  4.489124140930e+01  7.981136443831e-01  2.009956395582e+00  1.113592148081e+01 
 8.000000000000e-04  1.783525683009e+14  1.494206460007e+20  4.374737045688e+01  8.001224471853e-01  2.005322340796e+00  1.122224645353e+01 
 8.050000000000e-04  1.726146661082e+14  1.494396394840e+20  4.264100005483e+01  8.021112620656e-01  2.000738037852e+00  1.130857142624e+01 
 8.100000000000e-04  1.670369821543e+14  1.494580102869e+20  4.157090078886e+01  8.040802879072e-01  1.996203266377e+00  1.139489639896e+01 
 8.150000000000e-04  1.616163491380e+14  1.494757788232e+20  4.053588354971e+01  8.060297216144e-01  1.991717814238e+00  1.148122137168e+01 
 8.200000000000e-04  1.563495847750e+14  1.494929648376e+20  3.953479821172e+01  8.079597581320e-01  1.987281476962e+00  1.156754634440e+01 
 8.250000000000e-04  1.512334981358e+14  1.495095874274e+20  3.856653235486e+01  8.098705904655e-01  1.982894057153e+00  1.165387131712e+01 
 8.300000000000e-04  1.462648955298e+14  1.495256650639e+20  3.763001002856e+01  8.117624096995e-01  1.978555363906e+00  1.174019628984e+01 
 8.350000000000e-04  1.414405859652e+14  1.495412156128e+20  3.672419055611e+01  8.136354050176e-01  1.974265212202e+00  1.182652126256e+01 
 8.400000000000e-04  1.367573861832e+14  1.495562563540e+20  3.584806737822e+01  8.154897637210e-01  1.970023422318e+00  1.191284623528e+01 
 8.450000000000e-04  1.322121253182e+14  1.495708040011e+20  3.500066693455e+01  8.173256712469e-01  1.965829819208e+00  1.199917120800e+01 
 8.500000000000e-04  1.278016491791e+14  1.495848747196e+20  3.418104758189e+01  8.191433111878e-01  1.961684231906e+00  1.208549618072e+01 
 8.550000000000e-04  1.235228241812e+14  1.495984841451e+20  3.338829854772e+01  8.209428653090e-01  1.957586492905e+00  1.217182115344e+01 
 8.600000000000e-04  1.193725409455e+14  1.496116474005e+20  3.262153891824e+01  8.227245135676e-01  1.953536437550e+00  1.225814612616e+01 
 8.650000000000e-04  1.153477175833e+14  1.496243791131e+20  3.187991665940e+01  8.244884341298e-01  1.949533903426e+00  1.234447109888e+01 
 8.700000000000e-04  1.114453026834e+14  1.496366934306e+20  3.116260767018e+01  8.262348033892e-01  1.945578729744e+00  1.243079607160e+01 
 8.750000000000e-04  1.076622780193e+14  1.496486040366e+20  3.046881486678e+01  8.279637959841e-01  1.941670756738e+00  1.251712104432e+01 
 8.800000000000e-04  1.039956609918e+14  1.496601241666e+20  2.979776729693e+01  8.296755848152e-01  1.937809825058e+00  1.260344601704e+01 
 8.850000000000e-04  1.004425068229e+14  1.496712666217e+20  2.914871928319e+01  8.313703410628e-01  1.933995775175e+00  1.268977098976e+01 
 8.900000000000e-04  9.699991051626e+13  1.496820437838e+20  2.852094959431e+01  8.330482342041e-01  1.930228446794e+00  1.277609596247e+01 
 8.950000000000e-04  9.366500859788e+13  1.496924676284e+20  2.791376064383e+01  8.347094320296e-01  1.926507678268e+00  1.286242093519e+01 
 9.000000000000e-04  9.043498065128e+13  1.497025497388e+20  2.732647771490e+01  8.363541006606e-01  1.922833306033e+00  1.294874590791e+01 
 9.050000000000e-04  8.730705066163e+13  1.497123013183e+20  2.675844821049e+01  8.379824045653e-01  1.919205164050e+00  1.303507088063e+01 
 9.100000000000e-04  8.427848817529e+13  1.497217332029e+20  2.620904092828e+01  8.395945065755e-01  1.915623083259e+00  1.312139585335e+01 
 9.150000000000e-04  8.134660929773e+13  1.497308558737e+20  2.567764535921e+01  8.411905679026e-01  1.912086891055e+00  1.320772082607e+01 
 9.200000000000e-04  7.850877753003e+13  1.497396794677e+20  2.516367100907e+01  8.427707481541e-01  1.908596410774e+00  1.329404579879e+01 
 9.250000000000e-04  7.576240446143e+13  1.497482137898e+20  2.466654674239e+01  8.443352053495e-01  1.905151461205e+00  1.338037077151e+01 
 9.300000000000e-04  7.310495032620e+13  1.497564683236e+20  2.418572014771e+01  8.458840959357e-01  1.901751856115e+00  1.346669574423e+01 
 9.350000000000e-04  7.053392443469e+13  1.497644522417e+20  2.372065692379e+01  8.474175748030e-01  1.898397403801e+00  1.355302071695e+01 
 9.400000000000e-04  6.804688548799e+13  1.497721744157e+20  2.327084028588e+01  8.489357953007e-01  1.895087906664e+00  1.363934568967e+01 
 9.450000000000e-04  6.564144178486e+13  1.497796434268e+20  2.283577039143e+01  8.504389092520e-01  1.891823160808e+00  1.372567066239e+01 
 9.500000000000e-04  6.331525132932e+13  1.497868675745e+20  2.241496378468e+01  8.519270669696e-01  1.888602955662e+00  1.381199563511e+01 
 9.550000000000e-04  6.106602184655e+13  1.497938548865e+20  2.200795285945e+01  8.534004172705e-01  1.885427073632e+00  1.389832060783e+01 
 9.600000000000e-04  5.889151071465e+13  1.498006131272e+20  2.161428533949e+01  8.548591074910e-01  1.882295289780e+00  1.398464558055e+01 
 9.650000000000e-04  5.678952481909e+13  1.498071498064e+20  2.123352377594e+01  8.563032835012e-01  1.879207371537e+00  1.407097055327e+01 
 9.700000000000e-04  5.475792033642e+13  1.498134721878e+20  2.086524506124e+01  8.577330897201e-01  1.876163078434e+00  1.415729552599e+01 
 9.750000000000e-04  5.279460245333e+13  1.498195872968e+20  2.050903995891e+01  8.591486691294e-01  1.873162161877e+00  1.424362049871e+01 
 9.800000000000e-04  5.089752502686e+13  1.498255019288e+20  2.016451264887e+01  8.605501632882e-01  1.870204364945e+00  1.432994547142e+01 
 9.850000000000e-04  4.906469019106e+13  1.498312226560e+20  1.983128028754e+01  8.619377123471e-01  1.867289422224e+00  1.441627044414e+01 
 9.900000000000e-04  4.729414791525e+13  1.498367558355e+20  1.950897258246e+01  8.633114550622e-01  1.864417059669e+00  1.450259541686e+01 
 9.950000000000e-04  4.558399551847e+13  1.498421076158e+20  1.919723138080e+01  8.646715288089e-01  1.861586994504e+00  1.458892038958e+01 
 1.000000000000e-03  4.393237714459e+13  1.498472839438e+20  1.889571027137e+01  8.660180695958e-01  1.858798935147e+00  1.467524536230e+01 
 1.005000000000e-03  4.233748320210e+13  1.498522905717e+20  1.860407419969e+01  8.673512120779e-01  1.856052581175e+00  1.476157033502e+01 
 1.010000000000e-03  4.079754977193e+13  1.498571330627e+20  1.832199909568e+01  8.686710895707e-01  1.853347623314e+00  1.484789530774e+01 
 1.015000000000e-03  3.931085799001e+13  1.498618167981e+20  1.804917151354e+01  8.699778340630e-01  1.850683743465e+00  1.493422028046e+01 
 1.020000000000e-03  3.787573340056e+13  1.498663469823e+20  1.778528828344e+01  8.712715762304e-01  1.848060614760e+00  1.502054525318e+01 
 1.025000000000e-03  3.649054528952e+13  1.498707286494e+20  1.753005617463e+01  8.725524454481e-01  1.845477901646e+00  1.510687022590e+01 
 1.030000000000e-03  3.515370600347e+13  1.498749666683e+20  1.728319156964e+01  8.738205698041e-01  1.842935260001e+00  1.519319519862e+01 
 1.035000000000e-03  3.386367024616e+13  1.498790657485e+20  1.704442014905e+01  8.750760761120e-01  1.840432337279e+00  1.527952017134e+01 
 1.040000000000e-03  3.261893436462e+13  1.498830304449e+20  1.681347658672e+01  8.763190899234e-01  1.837968772679e+00  1.536584514406e+01 
 1.045000000000e-03  3.141803562296e+13  1.498868651630e+20  1.659010425493e+01  8.775497355407e-01  1.835544197343e+00  1.545217011678e+01 
 1.050000000000e-03  3.025955146688e+13  1.498905741641e+20  1.637405493923e+01  8.787681360295e-01  1.833158234579e+00  1.553849508950e+01 
 1.055000000000e-03  2.914209878038e+13  1.498941615697e+20  1.616508856258e+01  8.799744132310e-01  1.830810500105e+00  1.562482006222e+01 
 1.060000000000e-03  2.806433313675e+13  1.498976313662e+20  1.596297291862e+01  8.811686877737e-01  1.828500602321e+00  1.571114503494e+01 
 1.065000000000e-03  2.702494804527e+13  1.499009874092e+20  1.576748341363e+01  8.823510790861e-01  1.826228142595e+00  1.579747000765e+01 
 1.070000000000e-03  2.602267419511e+13  1.499042334280e+20  1.557840281692e+01  8.835217054084e-01  1.823992715571e+00  1.588379498037e+01 
 1.075000000000e-03  2.505627869781e+13  1.499073730297e+20  1.539552101950e+01  8.846806838042e-01  1.821793909496e+00  1.597011995309e+01 
 1.080000000000e-03  2.412456432960e+13  1.499104097030e+20  1.521863480055e+01  8.858281301723e-01  1.819631306561e+00  1.605644492581e+01 
 1.085000000000e-03  2.322636877458e+13  1.499133468223e+20  1.504754760163e+01  8.869641592583e-01  1.817504483256e+00  1.614276989853e+01 
 1.090000000000e-03  2.236056386995e+13  1.499161876514e+20  1.488206930825e+01  8.880888846660e-01  1.815413010740e+00  1.622909487125e+01 
 1.095000000000e-03  2.152605485412e+13  1.499189353470e+20  1.472201603860e+01  8.892024188688e-01  1.813356455215e+00  1.631541984397e+01 
 1.100000000000e-03  2.072177961871e+13  1.499215929624e+20  1.456720993927e+01  8.903048732213e-01  1.811334378321e+00  1.640174481669e+01 
 1.105000000000e-03  1.994670796498e+13  1.499241634509e+20  1.441747898755e+01  8.913963579696e-01  1.809346337526e+00  1.648806978941e+01 
 1.110000000000e-03  1.919984086578e+13  1.499266496687e+20  1.427265680030e+01  8.924769822633e-01  1.807391886530e+00  1.657439476213e+01 
 1.115000000000e-03  1.848020973335e+13  1.499290543786e+20  1.413258244908e+01  8.935468541656e-01  1.805470575669e+00  1.666071973485e+01 
 1.120000000000e-03  1.778687569375e+13  1.499313802527e+20  1.399710028132e+01  8.946060806645e-01  1.803581952321e+00  1.674704470757e+01 
 1.125000000000e-03  1.711892886843e+13  1.499336298756e+20  1.386605974733e+01  8.956547676838e-01  1.801725561322e+00  1.683336968029e+01 
 1.130000000000e-03  1.647548766349e+13  1.499358057471e+20  1.373931523305e+01  8.966930200928e-01  1.799900945364e+00  1.691969465301e+01 
 1.135000000000e-03  1.585569806698e+13  1.499379102850e+20  1.361672589818e+01  8.977209417177e-01  1.798107645412e+00  1.700601962573e+01 
 1.140000000000e-03  1.525873295472e+13  1.499399458280e+20  1.349815551975e+01  8.987386353516e-01  1.796345201099e+00  1.709234459845e+01 
 1.145000000000e-03  1.468379140508e+13  1.499419146379e+20  1.338347234069e+01  8.997462027647e-01  1.794613151131e+00  1.717866957117e+01 
 1.150000000000e-03  1.413009802289e+13  1.499438189026e+20  1.327254892345e+01  9.007437447144e-01  1.792911033676e+00  1.726499454389e+01 
 1.155000000000e-03  1.359690227297e+13  1.499456607381e+20  1.316526200838e+01  9.017313609560e-01  1.791238386754e+00  1.735131951660e+01 
 1.160000000000e-03  1.308347782343e+13  1.499474421910e+20  1.306149237675e+01  9.027091502517e-01  1.789594748613e+00  1.743764448932e+01 
 1.165000000000e-03  1.258912189900e+13  1.499491652409e+20  1.296112471829e+01  9.036772103814e-01  1.787979658100e+00  1.752396946204e+01 
 1.170000000000e-03  1.211315464472e+13  1.499508318025e+20  1.286404750307e+01  9.046356381518e-01  1.786392655022e+00  1.761029443476e+01 
 1.175000000000e-03  1.165491850000e+13  1.499524437278e+20  1.277015285751e+01  9.055845294066e-01  1.784833280495e+00  1.769661940748e+01 
 1.180000000000e-03  1.121377758340e+13  1.499540028078e+20  1.267933644458e+01  9.065239790357e-01  1.783301077284e+00  1.778294438020e+01 
 1.185000000000e-03  1.078911708809e+13  1.499555107751e+20  1.259149734781e+01  9.074540809847e-01  1.781795590127e+00  1.786926935292e+01 
 1.190000000000e-03  1.038034268834e+13  1.499569693054e+20  1.250653795916e+01  9.083749282648e-01  1.780316366053e+00  1.795559432564e+01 
 1.195000000000e-03  9.986879956950e+12  1.499583800194e+20  1.242436387057e+01  9.092866129613e-01  1.778862954684e+00  1.804191929836e+01 
 1.200000000000e-03  9.608173794014e+12  1.499597444847e+20  1.234488376904e+01  9.101892262435e-01  1.777434908522e+00  1.812824427108e+01 
 1.205000000000e-03  9.243687865666e+12  1.499610642174e+20  1.226800933517e+01  9.110828583735e-01  1.776031783225e+00  1.821456924380e+01 
 1.210000000000e-03  8.892904056532e+12  1.499623406842e+20  1.219365514502e+01  9.119675987152e-01  1.774653137869e+00  1.830089421652e+01 
 1.215000000000e-03  8.555321930692e+12  1.499635753034e+20  1.212173857517e+01  9.128435357435e-01  1.773298535199e+00  1.838721918924e+01 
 1.220000000000e-03  8.230458206219e+12  1.499647694470e+20  1.205217971092e+01  9.137107570526e-01  1.771967541857e+00  1.847354416196e+01 
 1.225000000000e-03  7.917846238693e+12  1.499659244419e+20  1.198490125748e+01  9.145693493656e-01  1.770659728608e+00  1.855986913468e+01 
 1.230000000000e-03  7.617035518071e+12  1.499670415716e+20  1.191982845411e+01  9.154193985424e-01  1.769374670544e+00  1.864619410740e+01 
 1.235000000000e-03  7.327591175737e+12  1.499681220774e+20  1.185688899097e+01  9.162609895885e-01  1.768111947276e+00  1.873251908012e+01 
 1.240000000000e-03  7.049093502999e+12  1.499691671600e+20  1.179601292888e+01  9.170942066637e-01  1.766871143113e+00  1.881884405283e+01 
 1.245000000000e-03  6.781137480735e+12  1.499701779807e+20  1.173713262148e+01  9.179191330906e-01  1.765651847228e+00  1.890516902555e+01 
 1.250000000000e-03  6.523332320163e+12  1.499711556628e+20  1.168018264017e+01  9.187358513623e-01  1.764453653808e+00  1.899149399827e+01 
 1.255000000000e-03  6.275301014637e+12  1.499721012927e+20  1.162509970133e+01  9.195444431515e-01  1.763276162194e+00  1.907781897099e+01 
 1.260000000000e-03  6.036679902406e+12  1.499730159211e+20  1.157182259601e+01  9.203449893180e-01  1.762118977006e+00  1.916414394371e+01 
 1.265000000000e-03  5.807118240238e+12  1.499739005644e+20  1.152029212196e+01  9.211375699170e-01  1.760981708258e+00  1.925046891643e+01 
 1.270000000000e-03  5.586277787809e+12  1.499747562057e+20  1.147045101780e+01  9.219222642072e-01  1.759863971455e+00  1.933679388915e+01 
 1.275000000000e-03  5.373832402752e+12  1.499755837957e+20  1.142224389938e+01  9.226991506589e-01  1.758765387688e+00  1.942311886187e+01 
 1.280000000000e-03  5.169467646251e+12  1.499763842541e+20  1.137561719830e+01  9.234683069611e-01  1.757685583704e+00  1.950944383459e+01 
 1.285000000000e-03  4.972880399039e+12  1.499771584703e+20  1.133051910229e+01  9.242298100303e-01  1.756624191982e+00  1.959576880731e+01 
 1.290000000000e-03  4.783778487698e+12  1.499779073048e+20  1.128689949774e+01  9.249837360174e-01  1.755580850782e+00  1.968209378003e+01 
 1.295000000000e-03  4.601880321089e+12  1.499786315895e+20  1.124470991391e+01  9.257301603155e-01  1.754555204191e+00  1.976841875275e+01 
 1.300000000000e-03  4.426914536797e+12  1.499793321293e+20  1.120390346917e+01  9.264691575678e-01  1.753546902163e+00  1.985474372547e+01 
 1.305000000000e-03  4.258619657415e+12  1.499800097027e+20  1.116443481880e+01  9.272008016746e-01  1.752555600544e+00  1.994106869819e+01 
 1.310000000000e-03  4.096743756538e+12  1.499806650626e+20  1.112626010471e+01  9.279251658008e-01  1.751580961089e+00  2.002739367091e+01 
 1.315000000000e-03  3.941044134278e+12  1.499812989372e+20  1.108933690660e+01  9.286423223836e-01  1.750622651468e+00  2.011371864363e+01 
 1.320000000000e-03  3.791287002164e+12  1.499819120310e+20  1.105362419492e+01  9.293523431392e-01  1.749680345274e+00  2.020004361635e+01 
 1.325000000000e-03  3.647247177238e+12  1.499825050251e+20  1.101908228518e+01  9.300552990702e-01  1.748753722012e+00  2.028636858906e+01 
 1.330000000000e-03  3.508707785189e+12  1.499830785786e+20  1.098567279394e+01  9.307512604728e-01  1.747842467086e+00  2.037269356178e+01 
 1.335000000000e-03  3.375459972340e+12  1.499836333288e+20  1.095335859611e+01  9.314402969437e-01  1.746946271777e+00  2.045901853450e+01 
 1.340000000000e-03  3.247302626325e+12  1.499841698921e+20  1.092210378369e+01  9.321224773873e-01  1.746064833219e+00  2.054534350722e+01 
 1.345000000000e-03  3.124042105265e+12  1.499846888648e+20  1.089187362590e+01  9.327978700220e-01  1.745197854365e+00  2.063166847994e+01 
 1.350000000000e-03  3.005491975272e+12  1.499851908235e+20  1.086263453057e+01  9.334665423876e-01  1.744345043947e+00  2.071799345266e+01 
 1.355000000000e-03  2.891472756095e+12  1.499856763261e+20  1.083435400680e+01  9.341285613521e-01  1.743506116436e+00  2.080431842538e+01 
 1.360000000000e-03  2.781811674733e+12  1.499861459120e+20  1.080700062887e+01  9.347839931179e-01  1.742680791990e+00  2.089064339810e+01 
 1.365000000000e-03  2.676342426817e+12  1.499866001030e+20  1.078054400135e+01  9.354329032286e-01  1.741868796402e+00  2.097696837082e+01 
 1.370000000000e-03  2.574904945606e+12  1.499870394039e+20  1.075495472524e+01  9.360753565758e-01  1.741069861045e+00  2.106329334354e+01 
 1.375000000000e-03  2.477345178383e+12  1.499874643027e+20  1.073020436538e+01  9.367114174054e-01  1.740283722810e+00  2.114961831626e+01 
 1.380000000000e-03  2.383514870098e+12  1.499878752718e+20  1.070626541884e+01  9.373411493240e-01  1.739510124042e+00  2.123594328898e+01 
 1.385000000000e-03  2.293271354008e+12  1.499882727677e+20  1.068311128432e+01  9.379646153053e-01  1.738748812473e+00  2.132226826170e+01 
 1.390000000000e-03  2.206477349419e+12  1.499886572321e+20  1.066071623261e+01  9.385818776964e-01  1.737999541152e+00  2.140859323442e+01 
 1.395000000000e-03  2.123000765684e+12  1.499890290922e+20  1.063905537803e+01  9.391929982241e-01  1.737262068374e+00  2.149491820714e+01 
 1.400000000000e-03  2.042714513152e+12  1.499893887614e+20  1.061810465073e+01  9.397980380010e-01  1.736536157603e+00  2.158124317986e+01 
 1.405000000000e-03  1.965496320247e+12  1.499897366391e+20  1.059784076997e+01  9.403970575316e-01  1.735821577396e+00  2.166756815258e+01 
 1.410000000000e-03  1.891228556752e+12  1.499900731121e+20  1.057824121824e+01  9.409901167182e-01  1.735118101328e+00  2.175389312530e+01 
 1.415000000000e-03  1.819798063098e+12  1.499903985542e+20  1.055928421624e+01  9.415772748672e-01  1.734425507908e+00  2.184021809801e+01 
 1.420000000000e-03  1.751095985481e+12  1.499907133271e+20  1.054094869870e+01  9.421585906951e-01  1.733743580499e+00  2.192654307073e+01 
 1.425000000000e-03  1.685017616640e+12  1.499910177804e+20  1.052321429092e+01  9.427341223339e-01  1.733072107237e+00  2.201286804345e+01 
 1.430000000000e-03  1.621462242132e+12  1.499913122526e+20  1.050606128618e+01  9.433039273372e-01  1.732410880949e+00  2.209919301617e+01 
 1.435000000000e-03  1.560332991948e+12  1.499915970708e+20  1.048947062382e+01  9.438680626860e-01  1.731759699067e+00  2.218551798889e+01 
 1.440000000000e-03  1.501536697301e+12  1.499918725516e+20  1.047342386807e+01  9.444265847942e-01  1.731118363546e+00  2.227184296161e+01 
 1.445000000000e-03  1.444983752446e+12  1.499921390011e+20  1.045790318755e+01  9.449795495146e-01  1.730486680777e+00  2.235816793433e+01 
 1.450000000000e-03  1.390587981361e+12  1.499923967153e+20  1.044289133546e+01  9.455270121442e-01  1.729864461507e+00  2.244449290705e+01 
 1.455000000000e-03  1.338266509152e+12  1.499926459806e+20  1.042837163042e+01  9.460690274295e-01  1.729251520750e+00  2.253081787977e+01 
 1.460000000000e-03  1.287939638033e+12  1.499928870740e+20  1.041432793793e+01  9.466056495726e-01  1.728647677704e+00  2.261714285249e+01 
 1.465000000000e-03  1.239530727728e+12  1.499931202635e+20  1.040074465245e+01  9.471369322363e-01  1.728052755671e+00  2.270346782521e+01 
 1.470000000000e-03  1.192966080172e+12  1.499933458081e+20  1.038760668003e+01  9.476629285490e-01  1.727466581964e+00  2.278979279793e+01 
 1.475000000000e-03  1.148174828359e+12  1.499935639584e+20  1.037489942158e+01  9.481836911111e-01  1.726888987835e+00  2.287611777065e+01 
 1.480000000000e-03  1.105088829205e+12  1.499937749570e+20  1.036260875661e+01  9.486992719990e-01  1.726319808382e+00  2.296244274337e+01 
 1.485000000000e-03  1.063642560303e+12  1.499939790382e+20  1.035072102757e+01  9.492097227714e-01  1.725758882473e+00  2.304876771609e+01 
 1.490000000000e-03  1.023773020437e+12  1.499941764288e+20  1.033922302465e+01  9.497150944738e-01  1.725206052665e+00  2.313509268881e+01 
 1.495000000000e-03  9.854196337242e+11  1.499943673481e+20  1.032810197109e+01  9.502154376436e-01  1.724661165119e+00  2.322141766153e+01 
 1.500000000000e-03  9.485241572796e+11  1.499945520084e+20  1.031734550904e+01  9.507108023158e-01  1.724124069523e+00  2.330774263424e+01 
 1.505000000000e-03  9.130305922709e+11  1.499947306148e+20  1.030694168576e+01  9.512012380271e-01  1.723594619014e+00  2.339406760696e+01 
 1.510000000000e-03  8.788850982548e+11  1.499949033658e+20  1.029687894038e+01  9.516867938216e-01  1.723072670099e+00  2.348039257968e+01 
 1.515000000000e-03  8.460359106834e+11  1.499950704534e+20  1.028714609102e+01  9.521675182552e-01  1.722558082579e+00  2.356671755240e+01 
 1.520000000000e-03  8.144332614697e+11  1.499952320631e+20  1.027773232243e+01  9.526434594007e-01  1.722050719472e+00  2.365304252512e+01 
 1.525000000000e-03  7.840293025089e+11  1.499953883747e+20  1.026862717388e+01  9.531146648528e-01  1.721550446941e+00  2.373936749784e+01 
 1.530000000000e-03  7.547780320507e+11  1.499955395618e+20  1.025982052760e+01  9.535811817322e-01  1.721057134218e+00  2.382569247056e+01 
 1.535000000000e-03  7.266352238260e+11  1.499956857923e+20  1.025130259753e+01  9.540430566911e-01  1.720570653532e+00  2.391201744328e+01 
 1.540000000000e-03  6.995583588276e+11  1.499958272289e+20  1.024306391843e+01  9.545003359174e-01  1.720090880042e+00  2.399834241600e+01 
 1.545000000000e-03  6.735065596555e+11  1.499959640286e+20  1.023509533535e+01  9.549530651394e-01  1.719617691761e+00  2.408466738872e+01 
 1.550000000000e-03  6.484405273323e+11  1.499960963435e+20  1.022738799350e+01  9.554012896304e-01  1.719150969493e+00  2.417099236144e+01 
 1.555000000000e-03  6.243224805028e+11  1.499962243205e+20  1.021993332837e+01  9.558450542131e-01  1.718690596763e+00  2.425731733416e+01 
 1.560000000000e-03  6.011160969317e+11  1.499963481020e+20  1.021272305623e+01  9.562844032645e-01  1.718236459752e+00  2.434364230688e+01 
 1.565000000000e-03  5.787864572172e+11  1.499964678255e+20  1.020574916493e+01  9.567193807198e-01  1.717788447229e+00  2.442996727960e+01 
 1.570000000000e-03  5.572999906401e+11  1.499965836239e+20  1.019900390498e+01  9.571500300771e-01  1.717346450496e+00  2.451629225232e+01 
 1.575000000000e-03  5.366244230710e+11  1.499966956261e+20  1.019247978095e+01  9.575763944016e-01  1.716910363316e+00  2.460261722504e+01 
 1.580000000000e-03  5.167287268616e+11  1.499968039563e+20  1.018616954316e+01  9.579985163303e-01  1.716480081859e+00  2.468894219776e+01 
 1.585000000000e-03  4.975830726455e+11  1.499969087351e+20  1.018006617956e+01  9.584164380756e-01  1.716055504638e+00  2.477526717047e+01 
 1.590000000000e-03  4.791587829818e+11  1.499970100788e+20  1.017416290802e+01  9.588302014300e-01  1.715636532455e+00  2.486159214319e+01 
 1.595000000000e-03  4.614282877700e+11  1.499971081001e+20  1.016845316875e+01  9.592398477703e-01  1.715223068340e+00  2.494791711591e+01 
 1.600000000000e-03  4.443650813741e+11  1.499972029079e+20  1.016293061699e+01  9.596454180614e-01  1.714815017499e+00  2.503424208863e+01 
 1.605000000000e-03  4.279436813897e+11  1.499972946075e+20  1.015758911601e+01  9.600469528607e-01  1.714412287255e+00  2.512056706135e+01 
 1.610000000000e-03  4.121395889961e+11  1.499973833008e+20  1.015242273027e+01  9.604444923220e-01  1.714014787000e+00  2.520689203407e+01 
 1.615000000000e-03  3.969292508312e+11  1.499974690864e+20  1.014742571880e+01  9.608380761995e-01  1.713622428139e+00  2.529321700679e+01 
 1.620000000000e-03  3.822900223353e+11  1.499975520596e+20  1.014259252884e+01  9.612277438520e-01  1.713235124039e+00  2.537954197951e+01 
 1.625000000000e-03  3.682001325064e+11  1.499976323126e+20  1.013791778971e+01  9.616135342466e-01  1.712852789984e+00  2.546586695223e+01 
 1.630000000000e-03  3.546386500151e+11  1.499977099346e+20  1.013339630675e+01  9.619954859626e-01  1.712475343120e+00  2.555219192495e+01 
 1.635000000000e-03  3.415854506283e+11  1.499977850119e+20  1.012902305563e+01  9.623736371956e-01  1.712102702413e+00  2.563851689767e+01 
 1.640000000000e-03  3.290211858912e+11  1.499978576279e+20  1.012479317674e+01  9.627480257609e-01  1.711734788601e+00  2.572484187039e+01 
 1.645000000000e-03  3.169272530210e+11  1.499979278632e+20  1.012070196977e+01  9.631186890977e-01  1.711371524148e+00  2.581116684311e+01 
 1.650000000000e-03  3.052857659658e+11  1.499979957959e+20  1.011674488852e+01  9.634856642728e-01  1.711012833201e+00  2.589749181583e+01 
 1.655000000000e-03  2.940795275846e+11  1.499980615015e+20  1.011291753583e+01  9.638489879838e-01  1.710658641548e+00  2.598381678855e+01 
 1.660000000000e-03  2.832920029056e+11  1.499981250531e+20  1.010921565868e+01  9.642086965635e-01  1.710308876575e+00  2.607014176127e+01 
 1.665000000000e-03  2.729072934226e+11  1.499981865211e+20  1.010563514350e+01  9.645648259830e-01  1.709963467226e+00  2.615646673399e+01 
 1.670000000000e-03  2.629101123881e+11  1.499982459741e+20  1.010217201157e+01  9.649174118556e-01  1.709622343962e+00  2.624279170671e+01 
 1.675000000000e-03  2.532857610666e+11  1.499983034779e+20  1.009882241461e+01  9.652664894402e-01  1.709285438724e+00  2.632911667942e+01 
 1.680000000000e-03  2.440201059104e+11  1.499983590965e+20  1.009558263050e+01  9.656120936447e-01  1.708952684897e+00  2.641544165214e+01 
 1.685000000000e-03  2.350995566231e+11  1.499984128917e+20  1.009244905915e+01  9.659542590300e-01  1.708624017267e+00  2.650176662486e+01 
 1.690000000000e-03  2.265110450759e+11  1.499984649233e+20  1.008941821848e+01  9.662930198127e-01  1.708299371994e+00  2.658809159758e+01 
 1.695000000000e-03  2.182420050446e+11  1.499985152491e+20  1.008648674059e+01  9.666284098694e-01  1.707978686568e+00  2.667441657030e+01 
 1.700000000000e-03  2.102803527354e+11  1.499985639250e+20  1.008365136798e+01  9.669604627393e-01  1.707661899783e+00  2.676074154302e+01 
 1.705000000000e-03  2.026144680688e+11  1.499986110052e+20  1.008090894993e+01  9.672892116279e-01  1.707348951699e+00  2.684706651574e+01 
 1.710000000000e-03  1.952331766928e+11  1.499986565418e+20  1.007825643905e+01  9.676146894104e-01  1.707039783613e+00  2.693339148846e+01 
 1.715000000000e-03  1.881257326969e+11  1.499987005856e+20  1.007569088782e+01  9.679369286348e-01  1.706734338026e+00  2.701971646118e+01 
 1.720000000000e-03  1.812818019998e+11  1.499987431855e+20  1.007320944535e+01  9.682559615254e-01  1.706432558613e+00  2.710604143390e+01 
 1.725000000000e-03  1.746914463843e+11  1.499987843888e+20  1.007080935425e+01  9.685718199857e-01  1.706134390192e+00  2.719236640662e+01 
 1.730000000000e-03  1.683451081556e+11  1.499988242412e+20  1.006848794750e+01  9.688845356018e-01  1.705839778697e+00  2.727869137934e+01 
 1.735000000000e-03  1.622335953968e+11  1.499988627872e+20  1.006624264551e+01  9.691941396455e-01  1.705548671152e+00  2.736501635206e+01 
 1.740000000000e-03  1.563480678000e+11  1.499989000695e+20  1.006407095328e+01  9.695006630776e-01  1.705261015637e+00  2.745134132478e+01 
 1.745000000000e-03  1.506800230503e+11  1.499989361295e+20  1.006197045758e+01  9.698041365505e-01  1.704976761270e+00  2.753766629750e+01 
 1.750000000000e-03  1.452212837403e+11  1.499989710073e+20  1.005993882433e+01  9.701045904119e-01  1.704695858172e+00  2.762399127022e+01 
 1.755000000000e-03  1.399639847956e+11  1.499990047417e+20  1.005797379593e+01  9.704020547074e-01  1.704418257452e+00  2.771031624294e+01 
 1.760000000000e-03  1.349005613903e+11  1.499990373701e+20  1.005607318883e+01  9.706965591838e-01  1.704143911172e+00  2.779664121565e+01 
 1.765000000000e-03  1.300237373349e+11  1.499990689289e+20  1.005423489104e+01  9.709881332916e-01  1.703872772331e+00  2.788296618837e+01 
 1.770000000000e-03  1.253265139159e+11  1.499990994531e+20  1.005245685983e+01  9.712768061886e-01  1.703604794841e+00  2.796929116109e+01 
 1.775000000000e-03  1.208021591718e+11  1.499991289765e+20  1.005073711940e+01  9.715626067423e-01  1.703339933499e+00  2.805561613381e+01 
 1.780000000000e-03  1.164441975869e+11  1.499991575320e+20  1.004907375878e+01  9.718455635330e-01  1.703078143971e+00  2.814194110653e+01 
 1.785000000000e-03  1.122464001874e+11  1.499991851514e+20  1.004746492960e+01  9.721257048565e-01  1.702819382768e+00  2.822826607925e+01 
 1.790000000000e-03  1.082027750232e+11  1.499992118653e+20  1.004590884412e+01  9.724030587273e-01  1.702563607227e+00  2.831459105197e+01 
 1.795000000000e-03  1.043075580213e+11  1.499992377035e+20  1.004440377319e+01  9.726776528810e-01  1.702310775489e+00  2.840091602469e+01 
 1.800000000000e-03  1.005552041960e+11  1.499992626945e+20  1.004294804435e+01  9.729495147772e-01  1.702060846479e+00  2.848724099741e+01 
 1.805000000000e-03  9.694037920101e+10  1.499992868663e+20  1.004154003998e+01  9.732186716023e-01  1.701813779889e+00  2.857356597013e+01 
 1.810000000000e-03  9.345795121156e+10  1.499993102456e+20  1.004017819548e+01  9.734851502723e-01  1.701569536160e+00  2.865989094285e+01 
 1.815000000000e-03  9.010298312240e+10  1.499993328584e+20  1.003886099756e+01  9.737489774352e-01  1.701328076461e+00  2.874621591557e+01 
 1.820000000000e-03  8.687072504993e+10  1.499993547299e+20  1.003758698252e+01  9.740101794740e-01  1.701089362672e+00  2.883254088829e+01 
 1.825000000000e-03  8.375660712633e+10  1.499993758844e+20  1.003635473466e+01  9.742687825090e-01  1.700853357371e+00  2.891886586101e+01 
 1.830000000000e-03  8.075623257432e+10  1.499993963453e+20  1.003516288469e+01  9.745248124009e-01  1.700620023811e+00  2.900519083373e+01 
 1.835000000000e-03  7.786537105144e+10  1.499994161355e+20  1.003401010822e+01  9.747782947528e-01  1.700389325911e+00  2.909151580645e+01 
 1.840000000000e-03  7.507995225349e+10  1.499994352768e+20  1.003289512424e+01  9.750292549131e-01  1.700161228233e+00  2.917784077917e+01 
 1.845000000000e-03  7.239605976670e+10  1.499994537907e+20  1.003181669380e+01  9.752777179781e-01  1.699935695973e+00  2.926416575189e+01 
 1.850000000000e-03  6.980992515918e+10  1.499994716975e+20  1.003077361850e+01  9.755237087944e-01  1.699712694942e+00  2.935049072460e+01 
 1.855000000000e-03  6.731792230201e+10  1.499994890174e+20  1.002976473929e+01  9.757672519611e-01  1.699492191554e+00  2.943681569732e+01 
 1.860000000000e-03  6.491656191111e+10  1.499995057694e+20  1.002878893507e+01  9.760083718328e-01  1.699274152811e+00  2.952314067004e+01 
 1.865000000000e-03  6.260248630119e+10  1.499995219722e+20  1.002784512151e+01  9.762470925217e-01  1.699058546289e+00  2.960946564276e+01 
 1.870000000000e-03  6.037246434353e+10  1.499995376438e+20  1.002693224985e+01  9.764834379000e-01  1.698845340125e+00  2.969579061548e+01 
 1.875000000000e-03  5.822338661944e+10  1.499995528016e+20  1.002604930567e+01  9.767174316026e-01  1.698634503006e+00  2.978211558820e+01 
 1.880000000000e-03  5.615226076195e+10  1.499995674625e+20  1.002519530785e+01  9.769490970289e-01  1.698426004153e+00  2.986844056092e+01 
 1.885000000000e-03  5.415620697818e+10  1.499995816428e+20  1.002436930741e+01  9.771784573456e-01  1.698219813311e+00  2.995476553364e+01 
 1.890000000000e-03  5.223245374538e+10  1.499995953582e+20  1.002357038649e+01  9.774055354892e-01  1.698015900737e+00  3.004109050636e+01 
 1.895000000000e-03  5.037833367385e+10  1.499996086239e+20  1.002279765730e+01  9.776303541674e-01  1.697814237187e+00  3.012741547908e+01 
 1.900000000000e-03  4.859127953013e+10  1.499996214547e+20  1.002205026120e+01  9.778529358624e-01  1.697614793907e+00  3.021374045180e+01 
 1.905000000000e-03  4.686882041433e+10  1.499996338649e+20  1.002132736765e+01  9.780733028325e-01  1.697417542621e+00  3.030006542452e+01 
 1.910000000000e-03  4.520857808534e+10  1.499996458683e+20  1.002062817337e+01  9.782914771147e-01  1.697222455518e+00  3.038639039724e+01 
 1.915000000000e-03  4.360826342837e+10  1.499996574781e+20  1.001995190141e+01  9.785074805264e-01  1.697029505248e+00  3.047271536996e+01 
 1.920000000000e-03  4.206567305910e+10  1.499996687073e+20  1.001929780028e+01  9.787213346684e-01  1.696838664904e+00  3.055904034268e+01 
 1.925000000000e-03  4.057868605910e+10  1.499996795684e+20  1.001866514313e+01  9.789330609260e-01  1.696649908017e+00  3.064536531540e+01 
 1.930000000000e-03  3.914526083744e+10  1.499996900734e+20  1.001805322696e+01  9.791426804722e-01  1.696463208547e+00  3.073169028812e+01 
 1.935000000000e-03  3.776343211359e+10  1.499997002340e+20  1.001746137178e+01  9.793502142690e-01  1.696278540870e+00  3.081801526083e+01 
 1.940000000000e-03  3.643130801671e+10  1.499997100615e+20  1.001688891992e+01  9.795556830701e-01  1.696095879773e+00  3.090434023355e+01 
 1.945000000000e-03  3.514706729695e+10  1.499997195668e+20  1.001633523527e+01  9.797591074224e-01  1.695915200443e+00  3.099066520627e+01 
 1.950000000000e-03  3.390895664427e+10  1.499997287605e+20  1.001579970255e+01  9.799605076687e-01  1.695736478456e+00  3.107699017899e+01 
 1.955000000000e-03  3.271528811069e+10  1.499997376528e+20  1.001528172669e+01  9.801599039489e-01  1.695559689775e+00  3.116331515171e+01 
 1.960000000000e-03  3.156443663180e+10  1.499997462535e+20  1.001478073210e+01  9.803573162031e-01  1.695384810737e+00  3.124964012443e+01 
 1.965000000000e-03  3.045483764374e+10  1.499997545723e+20  1.001429616207e+01  9.805527641725e-01  1.695211818047e+00  3.133596509715e+01 
 1.970000000000e-03  2.938498479192e+10  1.499997626184e+20  1.001382747812e+01  9.807462674021e-01  1.695040688767e+00  3.142229006987e+01 
 1.975000000000e-03  2.835342772789e+10  1.499997704007e+20  1.001337415947e+01  9.809378452424e-01  1.694871400314e+00  3.150861504259e+01 
 1.980000000000e-03  2.735876999089e+10  1.499997779279e+20  1.001293570237e+01  9.811275168513e-01  1.694703930450e+00  3.159494001531e+01 
 1.985000000000e-03  2.639966697086e+10  1.499997852082e+20  1.001251161960e+01  9.813153011962e-01  1.694538257273e+00  3.168126498803e+01 
 1.990000000000e-03  2.547482394962e+10  1.499997922500e+20  1.001210143992e+01  9.815012170556e-01  1.694374359212e+00  3.176758996075e+01 
 1.995000000000e-03  2.458299421730e+10  1.499997990608e+20  1.001170470753e+01  9.816852830214e-01  1.694212215021e+00  3.185391493347e+01 
 2.000000000000e-03  2.372297726105e+10  1.499998056484e+20  1.001132098158e+01  9.818675175002e-01  1.694051803773e+00  3.194023990619e+01 
