# Time (s)            n_hot (m**-3)       n_e (m**-3)         T_e (ev)            E_par (V/m)         v_c (v_th0)         tau               
  0.000000000000E+00  1.666262190036E-24  3.000000000000E+19  7.000000000000E+03  1.000000000000E-02  9.870175620934E+00  0.000000000000E+00
  5.000000000000E-06  4.712827388501E-06  3.393406794216E+19  6.770840542369E+03  1.985066458832E-02  7.430370025417E+00  7.193747726619E-04
  1.000000000000E-05  8.330350120707E+00  3.773916179621E+19  6.549193825371E+03  2.960331342631E-02  6.400616598540E+00  2.877499090648E-03
  1.500000000000E-05  1.246648503995E+04  4.141950983568E+19  6.334813552071E+03  3.925892178698E-02  5.809291021428E+00  6.474372953957E-03
  2.000000000000E-05  1.086552198497E+06  4.497920171485E+19  6.127461500110E+03  4.881845523920E-02  5.417018573864E+00  1.150999636259E-02
  2.500000000000E-05  2.271111034980E+07  4.842219301313E+19  5.926907256985E+03  5.828286974429E-02  5.133412225440E+00  1.798436931655E-02
  3.000000000000E-05  2.091373946884E+08  5.175230963064E+19  5.732927964015E+03  6.765311175159E-02  4.916159509267E+00  2.589749181583E-02
  3.500000000000E-05  1.150778275613E+09  5.497325203959E+19  5.545308068694E+03  7.693011829311E-02  4.742629254738E+00  3.524936386043E-02
  4.000000000000E-05  4.483357147408E+09  5.808859939624E+19  5.363839085169E+03  8.611481707723E-02  4.599553521481E+00  4.603998545036E-02
  4.500000000000E-05  1.369506241757E+10  6.110181351819E+19  5.188319362565E+03  9.520812658148E-02  4.478610885109E+00  5.826935658561E-02
  5.000000000000E-05  3.500392451229E+10  6.401624273115E+19  5.018553860911E+03  1.042109561444E-01  4.374304425068E+00  7.193747726619E-02
  5.500000000000E-05  7.818552075188E+10  6.683512558963E+19  4.854353934404E+03  1.131242060564E-01  4.282850164063E+00  8.704434749209E-02
  6.000000000000E-05  1.572818881258E+11  6.956159447572E+19  4.695537121789E+03  1.219487676500E-01  4.201554200173E+00  1.035899672633E-01
  6.500000000000E-05  2.911655734866E+11  7.219867907982E+19  4.541926943601E+03  1.306855233886E-01  4.128444240365E+00  1.215743365799E-01
  7.000000000000E-05  5.039569880183E+11  7.474930976723E+19  4.393352706059E+03  1.393353469552E-01  4.062041684786E+00  1.409974554417E-01
  7.500000000000E-05  8.253025024455E+11  7.721632083448E+19  4.249649311391E+03  1.478991033392E-01  4.001215275094E+00  1.618593238489E-01
  8.000000000000E-05  1.290521690791E+12  7.960245365880E+19  4.110657074375E+03  1.563776489235E-01  3.945084075662E+00  1.841599418014E-01
  8.500000000000E-05  1.940629818259E+12  8.191035974436E+19  3.976221544891E+03  1.647718315696E-01  3.892951366758E+00  2.078993092993E-01
  9.000000000000E-05  2.822238830407E+12  8.414260366872E+19  3.846193336297E+03  1.730824907028E-01  3.844258508549E+00  2.330774263424E-01
  9.500000000000E-05  3.987338002485E+12  8.630166593256E+19  3.720427959428E+03  1.813104573961E-01  3.798552056778E+00  2.596942929309E-01
  1.000000000000E-04  5.492954409522E+12  8.838994571609E+19  3.598785662038E+03  1.894565544528E-01  3.755459881350E+00  2.877499090648E-01
  1.050000000000E-04  7.400693461498E+12  9.040976354503E+19  3.481131273502E+03  1.975215964895E-01  3.714673530774E+00  3.172442747439E-01
  1.100000000000E-04  9.776160732012E+12  9.236336386922E+19  3.367334054618E+03  2.055063900171E-01  3.675935011780E+00  3.481773899683E-01
  1.150000000000E-04  1.268826797623E+13  9.425291755669E+19  3.257267552323E+03  2.134117335217E-01  3.639026743174E+00  3.805492547381E-01
  1.200000000000E-04  1.620842837776E+13  9.608052430593E+19  3.150809459179E+03  2.212384175441E-01  3.603763826916E+00  4.143598690532E-01
  1.250000000000E-04  2.040964850220E+13  9.784821497915E+19  3.047841477464E+03  2.289872247593E-01  3.569988034553E+00  4.496092329137E-01
  1.300000000000E-04  2.536552701153E+13  9.955795385896E+19  2.948249187716E+03  2.366589300545E-01  3.537563079657E+00  4.862973463194E-01
  1.350000000000E-04  3.114917277321E+13  1.012116408311E+20  2.851921921587E+03  2.442543006065E-01  3.506370865776E+00  5.244242092705E-01
  1.400000000000E-04  3.783205746605E+13  1.028111134958E+20  2.758752638872E+03  2.517740959588E-01  3.476308482307E+00  5.639898217669E-01
  1.450000000000E-04  4.548282004001E+13  1.043581492093E+20  2.668637808559E+03  2.592190680972E-01  3.447285779584E+00  6.049941838086E-01
  1.500000000000E-04  5.416604234310E+13  1.058544670594E+20  2.581477293788E+03  2.665899615251E-01  3.419223396630E+00  6.474372953957E-01
  1.550000000000E-04  6.394101681172E+13  1.073017297755E+20  2.497174240576E+03  2.738875133380E-01  3.392051145757E+00  6.913191565281E-01
  1.600000000000E-04  7.486052827001E+13  1.087015455762E+20  2.415634970189E+03  2.811124532970E-01  3.365706680712E+00  7.366397672058E-01
  1.650000000000E-04  8.696967255332E+13  1.100554699562E+20  2.336768875050E+03  2.882655039024E-01  3.340134391812E+00  7.833991274288E-01
  1.700000000000E-04  1.003047348269E+14  1.113650074155E+20  2.260488318048E+03  2.953473804650E-01  3.315284484090E+00  8.315972371971E-01
  1.750000000000E-04  1.148921500967E+14  1.126316131302E+20  2.186708535163E+03  3.023587911785E-01  3.291112203927E+00  8.812340965108E-01
  1.800000000000E-04  1.307475675021E+14  1.138566945705E+20  2.115347541266E+03  3.093004371897E-01  3.267577186951E+00  9.323097053698E-01
  1.850000000000E-04  1.478750385511E+14  1.150416130640E+20  2.046326039023E+03  3.161730126690E-01  3.244642905501E+00  9.848240637741E-01
  1.900000000000E-04  1.662663475388E+14  1.161876853086E+20  1.979567330774E+03  3.229772048798E-01  3.222276198340E+00  1.038777171724E+00
  1.950000000000E-04  1.859005000151E+14  1.172961848359E+20  1.914997233308E+03  3.297136942468E-01  3.200446868614E+00  1.094169029219E+00
  2.000000000000E-04  2.067433823998E+14  1.183683434261E+20  1.852543995429E+03  3.363831544247E-01  3.179127338765E+00  1.150999636259E+00
  2.050000000000E-04  2.287476027373E+14  1.194053524768E+20  1.792138218225E+03  3.429862523650E-01  3.158292353155E+00  1.209268992845E+00
  2.100000000000E-04  2.518525192276E+14  1.204083643270E+20  1.733712777952E+03  3.495236483831E-01  3.137918720876E+00  1.268977098976E+00
  2.150000000000E-04  2.759844596325E+14  1.213784935375E+20  1.677202751442E+03  3.559959962239E-01  3.117985092505E+00  1.330123954652E+00
  2.200000000000E-04  3.010571310323E+14  1.223168181294E+20  1.622545343962E+03  3.624039431277E-01  3.098471765695E+00  1.392709559873E+00
  2.250000000000E-04  3.269722157856E+14  1.232243807822E+20  1.569679819438E+03  3.687481298944E-01  3.079360515313E+00  1.456733914640E+00
  2.300000000000E-04  3.536201460029E+14  1.241021899922E+20  1.518547432957E+03  3.750291909481E-01  3.060634444591E+00  1.522197018953E+00
  2.350000000000E-04  3.808810454818E+14  1.249512211932E+20  1.469091365497E+03  3.812477544001E-01  3.042277854282E+00  1.589098872810E+00
  2.400000000000E-04  4.086258249325E+14  1.257724178406E+20  1.421256660783E+03  3.874044421119E-01  3.024276127344E+00  1.657439476213E+00
  2.450000000000E-04  4.367174135271E+14  1.265666924597E+20  1.374990164221E+03  3.934998697574E-01  3.006615627018E+00  1.727218829161E+00
  2.500000000000E-04  4.650121073940E+14  1.273349276595E+20  1.330240463835E+03  3.995346468845E-01  2.989283606514E+00  1.798436931655E+00
  2.550000000000E-04  4.933610136967E+14  1.280779771137E+20  1.286957833129E+03  4.055093769759E-01  2.972268128793E+00  1.871093783694E+00
  2.600000000000E-04  5.216115674274E+14  1.287966665092E+20  1.245094175839E+03  4.114246575095E-01  2.955557995135E+00  1.945189385278E+00
  2.650000000000E-04  5.496090970283E+14  1.294917944638E+20  1.204602972483E+03  4.172810800184E-01  2.939142681384E+00  2.020723736407E+00
  2.700000000000E-04  5.771984144468E+14  1.301641334134E+20  1.165439228669E+03  4.230792301498E-01  2.923012280931E+00  2.097696837082E+00
  2.750000000000E-04  6.042254052216E+14  1.308144304704E+20  1.127559425097E+03  4.288196877233E-01  2.907157453599E+00  2.176108687302E+00
  2.800000000000E-04  6.305385946827E+14  1.314434082541E+20  1.090921469199E+03  4.345030267897E-01  2.891569379733E+00  2.255959287068E+00
  2.850000000000E-04  6.559906672950E+14  1.320517656933E+20  1.055484648366E+03  4.401298156875E-01  2.876239718879E+00  2.337248636378E+00
  2.900000000000E-04  6.804399175438E+14  1.326401788033E+20  1.021209584707E+03  4.457006171003E-01  2.861160572527E+00  2.419976735235E+00
  2.950000000000E-04  7.037516125152E+14  1.332093014371E+20  9.880581912899E+02  4.512159881128E-01  2.846324450447E+00  2.504143583636E+00
  3.000000000000E-04  7.257992483977E+14  1.337597660116E+20  9.559936298239E+02  4.566764802669E-01  2.831724240223E+00  2.589749181583E+00
  3.050000000000E-04  7.467822845642E+14  1.342921842108E+20  9.249802697191E+02  4.620826396162E-01  2.817353179633E+00  2.676074154302E+00
  3.100000000000E-04  7.669449084171E+14  1.348071476653E+20  8.949836484957E+02  4.674350067813E-01  2.803204831566E+00  2.762399127022E+00
  3.150000000000E-04  7.862382475729E+14  1.353052286096E+20  8.659704334883E+02  4.727341170032E-01  2.789273061196E+00  2.848724099741E+00
  3.200000000000E-04  8.046183897246E+14  1.357869805183E+20  8.379083848065E+02  4.779805001974E-01  2.775552015201E+00  2.935049072460E+00
  3.250000000000E-04  8.220464260105E+14  1.362529387209E+20  8.107663195089E+02  4.831746810066E-01  2.762036102782E+00  3.021374045180E+00
  3.300000000000E-04  8.384884553862E+14  1.367036209965E+20  7.845140769527E+02  4.883171788532E-01  2.748719978333E+00  3.107699017899E+00
  3.350000000000E-04  8.539155527340E+14  1.371395281497E+20  7.591224852786E+02  4.934085079913E-01  2.735598525564E+00  3.194023990619E+00
  3.400000000000E-04  8.683037035959E+14  1.375611445666E+20  7.345633289946E+02  4.984491775581E-01  2.722666842963E+00  3.280348963338E+00
  3.450000000000E-04  8.816337085180E+14  1.379689387533E+20  7.108093176224E+02  5.034396916246E-01  2.709920230445E+00  3.366673936058E+00
  3.500000000000E-04  8.938910600488E+14  1.383633638563E+20  6.878340553722E+02  5.083805492465E-01  2.697354177086E+00  3.452998908777E+00
  3.550000000000E-04  9.050657954503E+14  1.387448581663E+20  6.656120118110E+02  5.132722445136E-01  2.684964349830E+00  3.539323881496E+00
  3.600000000000E-04  9.151523281568E+14  1.391138456053E+20  6.441184934930E+02  5.181152665996E-01  2.672746583092E+00  3.625648854216E+00
  3.650000000000E-04  9.241492609608E+14  1.394707361971E+20  6.233296165198E+02  5.229100998107E-01  2.660696869158E+00  3.711973826935E+00
  3.700000000000E-04  9.320591838198E+14  1.398159265236E+20  6.032222800004E+02  5.276572236342E-01  2.648811349321E+00  3.798298799655E+00
  3.750000000000E-04  9.388884590717E+14  1.401498001651E+20  5.837741403811E+02  5.323571127864E-01  2.637086305687E+00  3.884623772374E+00
  3.800000000000E-04  9.446469967137E+14  1.404727281268E+20  5.649635866168E+02  5.370102372602E-01  2.625518153581E+00  3.970948745094E+00
  3.850000000000E-04  9.493480222581E+14  1.407850692505E+20  5.467697161570E+02  5.416170623719E-01  2.614103434518E+00  4.057273717813E+00
  3.900000000000E-04  9.530078395176E+14  1.410871706143E+20  5.291723117182E+02  5.461780488078E-01  2.602838809673E+00  4.143598690532E+00
  3.950000000000E-04  9.556455905071E+14  1.413793679173E+20  5.121518188183E+02  5.506936526705E-01  2.591721053816E+00  4.229923663252E+00
  4.000000000000E-04  9.572830144749E+14  1.416619858533E+20  4.956893240474E+02  5.551643255240E-01  2.580747049681E+00  4.316248635971E+00
  4.050000000000E-04  9.579442079010E+14  1.419353384712E+20  4.797665340509E+02  5.595905144393E-01  2.569913782710E+00  4.402573608691E+00
  4.100000000000E-04  9.576553871197E+14  1.421997295244E+20  4.643657552016E+02  5.639726620391E-01  2.559218336171E+00  4.488898581410E+00
  4.150000000000E-04  9.564446550520E+14  1.424554528079E+20  4.494698739387E+02  5.683112065417E-01  2.548657886593E+00  4.575223554130E+00
  4.200000000000E-04  9.543417733566E+14  1.427027924850E+20  4.350623377503E+02  5.726065818052E-01  2.538229699513E+00  4.661548526849E+00
  4.250000000000E-04  9.513779411431E+14  1.429420234029E+20  4.211271367806E+02  5.768592173708E-01  2.527931125492E+00  4.747873499568E+00
  4.300000000000E-04  9.475855812287E+14  1.431734113985E+20  4.076487860392E+02  5.810695385054E-01  2.517759596402E+00  4.834198472288E+00
  4.350000000000E-04  9.429981347644E+14  1.433972135932E+20  3.946123081943E+02  5.852379662448E-01  2.507712621940E+00  4.920523445007E+00
  4.400000000000E-04  9.376498649149E+14  1.436136786793E+20  3.820032169291E+02  5.893649174352E-01  2.497787786363E+00  5.006848417727E+00
  4.450000000000E-04  9.315756701330E+14  1.438230471958E+20  3.698075008449E+02  5.934508047752E-01  2.487982745432E+00  5.093173390446E+00
  4.500000000000E-04  9.248109074491E+14  1.440255517959E+20  3.580116078914E+02  5.974960368568E-01  2.478295223539E+00  5.179498363166E+00
  4.550000000000E-04  9.173912260730E+14  1.442214175055E+20  3.466024303072E+02  6.015010182067E-01  2.468723011012E+00  5.265823335885E+00
  4.600000000000E-04  9.093524115000E+14  1.444108619733E+20  3.355672900545E+02  6.054661493263E-01  2.459263961576E+00  5.352148308604E+00
  4.650000000000E-04  9.007302402137E+14  1.445940957128E+20  3.248939247310E+02  6.093918267321E-01  2.449915989971E+00  5.438473281324E+00
  4.700000000000E-04  8.915603449917E+14  1.447713223357E+20  3.145704739438E+02  6.132784429951E-01  2.440677069708E+00  5.524798254043E+00
  4.750000000000E-04  8.818780907366E+14  1.449427387789E+20  3.045854661298E+02  6.171263867800E-01  2.431545230950E+00  5.611123226763E+00
  4.800000000000E-04  8.717184606912E+14  1.451085355226E+20  2.949278058088E+02  6.209360428846E-01  2.422518558519E+00  5.697448199482E+00
  4.850000000000E-04  8.611159528283E+14  1.452688968025E+20  2.855867612533E+02  6.247077922776E-01  2.413595190016E+00  5.783773172201E+00
  4.900000000000E-04  8.501044861596E+14  1.454240008144E+20  2.765519525638E+02  6.284420121371E-01  2.404773314040E+00  5.870098144921E+00
  4.950000000000E-04  8.387173166575E+14  1.455740199119E+20  2.678133401347E+02  6.321390758882E-01  2.396051168513E+00  5.956423117640E+00
  5.000000000000E-04  8.269869619350E+14  1.457191207983E+20  2.593612134973E+02  6.357993532403E-01  2.387427039092E+00  6.042748090360E+00
  5.050000000000E-04  8.149451374214E+14  1.458594647119E+20  2.511861805303E+02  6.394232102242E-01  2.378899257661E+00  6.129073063079E+00
  5.100000000000E-04  8.026226958005E+14  1.459952076048E+20  2.432791570227E+02  6.430110092287E-01  2.370466200918E+00  6.215398035799E+00
  5.150000000000E-04  7.900495798273E+14  1.461265003162E+20  2.356313565792E+02  6.465631090365E-01  2.362126289019E+00  6.301723008518E+00
  5.200000000000E-04  7.772547801321E+14  1.462534887407E+20  2.282342808570E+02  6.500798648608E-01  2.353877984304E+00  6.388047981237E+00
  5.250000000000E-04  7.642663007874E+14  1.463763139893E+20  2.210797101220E+02  6.535616283800E-01  2.345719790087E+00  6.474372953957E+00
  5.300000000000E-04  7.511111316531E+14  1.464951125474E+20  2.141596941151E+02  6.570087477732E-01  2.337650249497E+00  6.560697926676E+00
  5.350000000000E-04  7.378152270615E+14  1.466100164254E+20  2.074665432176E+02  6.604215677555E-01  2.329667944393E+00  6.647022899396E+00
  5.400000000000E-04  7.244034904011E+14  1.467211533063E+20  2.009928199066E+02  6.638004296115E-01  2.321771494318E+00  6.733347872115E+00
  5.450000000000E-04  7.108997641665E+14  1.468286466869E+20  1.947313304901E+02  6.671456712303E-01  2.313959555513E+00  6.819672844835E+00
  5.500000000000E-04  6.973268250513E+14  1.469326160152E+20  1.886751171135E+02  6.704576271389E-01  2.306230819972E+00  6.905997817554E+00
  5.550000000000E-04  6.837063836675E+14  1.470331768236E+20  1.828174500277E+02  6.737366285356E-01  2.298584014546E+00  6.992322790273E+00
  5.600000000000E-04  6.700590884930E+14  1.471304408565E+20  1.771518201110E+02  6.769830033232E-01  2.291017900085E+00  7.078647762993E+00
  5.650000000000E-04  6.564045336575E+14  1.472245161951E+20  1.716719316362E+02  6.801970761420E-01  2.283531270623E+00  7.164972735712E+00
  5.700000000000E-04  6.427612701958E+14  1.473155073773E+20  1.663716952746E+02  6.833791684019E-01  2.276122952595E+00  7.251297708432E+00
  5.750000000000E-04  6.291468204122E+14  1.474035155137E+20  1.612452213293E+02  6.865295983147E-01  2.268791804089E+00  7.337622681151E+00
  5.800000000000E-04  6.155776950169E+14  1.474886384002E+20  1.562868131906E+02  6.896486809262E-01  2.261536714135E+00  7.423947653871E+00
  5.850000000000E-04  6.020694127123E+14  1.475709706265E+20  1.514909610062E+02  6.927367281472E-01  2.254356602018E+00  7.510272626590E+00
  5.900000000000E-04  5.886365219250E+14  1.476506036814E+20  1.468523355578E+02  6.957940487849E-01  2.247250416620E+00  7.596597599309E+00
  5.950000000000E-04  5.752926243981E+14  1.477276260542E+20  1.423657823401E+02  6.988209485740E-01  2.240217135791E+00  7.682922572029E+00
  6.000000000000E-04  5.620504003728E+14  1.478021233334E+20  1.380263158323E+02  7.018177302069E-01  2.233255765743E+00  7.769247544748E+00
  6.050000000000E-04  5.489216351111E+14  1.478741783011E+20  1.338291139583E+02  7.047846933644E-01  2.226365340462E+00  7.855572517468E+00
  6.100000000000E-04  5.359172465223E+14  1.479438710261E+20  1.297695127289E+02  7.077221347452E-01  2.219544921153E+00  7.941897490187E+00
  6.150000000000E-04  5.230473136801E+14  1.480112789518E+20  1.258430010583E+02  7.106303480959E-01  2.212793595687E+00  8.028222462907E+00
  6.200000000000E-04  5.103211060259E+14  1.480764769828E+20  1.220452157518E+02  7.135096242403E-01  2.206110478083E+00  8.114547435626E+00
  6.250000000000E-04  4.977471130767E+14  1.481395375681E+20  1.183719366571E+02  7.163602511084E-01  2.199494707997E+00  8.200872408345E+00
  6.300000000000E-04  4.853330744668E+14  1.482005307815E+20  1.148190819751E+02  7.191825137652E-01  2.192945450226E+00  8.287197381065E+00
  6.350000000000E-04  4.730860101690E+14  1.482595243996E+20  1.113827037241E+02  7.219766944394E-01  2.186461894232E+00  8.373522353784E+00
  6.400000000000E-04  4.610122507555E+14  1.483165839768E+20  1.080589833523E+02  7.247430725513E-01  2.180043253670E+00  8.459847326504E+00
  6.450000000000E-04  4.491174675701E+14  1.483717729185E+20  1.048442274953E+02  7.274819247411E-01  2.173688765937E+00  8.546172299223E+00
  6.500000000000E-04  4.374067026997E+14  1.484251525516E+20  1.017348638712E+02  7.301935248963E-01  2.167397691723E+00  8.632497271943E+00
  6.550000000000E-04  4.258843986399E+14  1.484767821921E+20  9.872743731177E+01  7.328781441792E-01  2.161169314572E+00  8.718822244662E+00
  6.600000000000E-04  4.145544275669E+14  1.485267192116E+20  9.581860592245E+01  7.355360510538E-01  2.155002940458E+00  8.805147217381E+00
  6.650000000000E-04  4.034201201329E+14  1.485750191010E+20  9.300513736911E+01  7.381675113132E-01  2.148897897359E+00  8.891472190101E+00
  6.700000000000E-04  3.924842937166E+14  1.486217355316E+20  9.028390528613E+01  7.407727881055E-01  2.142853534838E+00  8.977797162820E+00
  6.750000000000E-04  3.817492800663E+14  1.486669204154E+20  8.765188580231E+01  7.433521419606E-01  2.136869223636E+00  9.064122135540E+00
  6.800000000000E-04  3.712169522854E+14  1.487106239626E+20  8.510615418079E+01  7.459058308160E-01  2.130944355257E+00  9.150447108259E+00
  6.850000000000E-04  3.608887511131E+14  1.487528947370E+20  8.264388156894E+01  7.484341100427E-01  2.125078341566E+00  9.236772080978E+00
  6.900000000000E-04  3.507657104669E+14  1.487937797106E+20  8.026233185499E+01  7.509372324708E-01  2.119270614384E+00  9.323097053698E+00
  6.950000000000E-04  3.408484822141E+14  1.488333243154E+20  7.795885862755E+01  7.534154484146E-01  2.113520625077E+00  9.409422026417E+00
  7.000000000000E-04  3.311373601499E+14  1.488715724938E+20  7.573090223495E+01  7.558690056978E-01  2.107827844163E+00  9.495746999137E+00
  7.050000000000E-04  3.216323031647E+14  1.489085667478E+20  7.357598694085E+01  7.582981496781E-01  2.102191760894E+00  9.582071971856E+00
  7.100000000000E-04  3.123329575859E+14  1.489443481859E+20  7.149171817323E+01  7.607031232719E-01  2.096611882858E+00  9.668396944576E+00
  7.150000000000E-04  3.032386786885E+14  1.489789565689E+20  6.947577986345E+01  7.630841669787E-01  2.091087735563E+00  9.754721917295E+00
  7.200000000000E-04  2.943485513697E+14  1.490124303541E+20  6.752593187265E+01  7.654415189047E-01  2.085618862024E+00  9.841046890014E+00
  7.250000000000E-04  2.856614099873E+14  1.490448067382E+20  6.564000750246E+01  7.677754147871E-01  2.080204822344E+00  9.927371862734E+00
  7.300000000000E-04  2.771758573664E+14  1.490761216981E+20  6.381591108732E+01  7.700860880175E-01  2.074845193293E+00  1.001369683545E+01
  7.350000000000E-04  2.688902829810E+14  1.491064100315E+20  6.205161566576E+01  7.723737696651E-01  2.069539567875E+00  1.010002180817E+01
  7.400000000000E-04  2.608028803197E+14  1.491357053952E+20  6.034516072803E+01  7.746386885000E-01  2.064287554894E+00  1.018634678089E+01
  7.450000000000E-04  2.529116634473E+14  1.491640403427E+20  5.869465003750E+01  7.768810710160E-01  2.059088778511E+00  1.027267175361E+01
  7.500000000000E-04  2.452144827769E+14  1.491914463601E+20  5.709824952361E+01  7.791011414531E-01  2.053942877793E+00  1.035899672633E+01
  7.550000000000E-04  2.377090400678E+14  1.492179539014E+20  5.555418524375E+01  7.812991218202E-01  2.048849506259E+00  1.044532169905E+01
  7.600000000000E-04  2.303929026667E+14  1.492435924221E+20  5.406074141210E+01  7.834752319173E-01  2.043808331404E+00  1.053164667177E+01
  7.650000000000E-04  2.232635170107E+14  1.492683904121E+20  5.261625849295E+01  7.856296893572E-01  2.038819034236E+00  1.061797164449E+01
  7.700000000000E-04  2.163182214130E+14  1.492923754274E+20  5.121913135669E+01  7.877627095873E-01  2.033881308781E+00  1.070429661721E+01
  7.750000000000E-04  2.095542581498E+14  1.493155741202E+20  4.986780749607E+01  7.898745059115E-01  2.028994861593E+00  1.079062158993E+01
  7.800000000000E-04  2.029687848726E+14  1.493380122695E+20  4.856078530112E+01  7.919652895112E-01  2.024159411255E+00  1.087694656265E+01
  7.850000000000E-04  1.965588853650E+14  1.493597148087E+20  4.729661239047E+01  7.940352694665E-01  2.019374687858E+00  1.096327153537E+01
  7.900000000000E-04  1.903215796693E+14  1.493807058541E+20  4.607388399750E+01  7.960846527772E-01  2.014640432485E+00  1.104959650809E+01
  7.950000000000E-04  1.842538336024E+14  1.494010087312E+20  4.489124140930E+01  7.981136443831E-01  2.009956396676E+00  1.113592148081E+01
  8.000000000000E-04  1.783525676869E+14  1.494206460007E+20  4.374737045688E+01  8.001224471853E-01  2.005322341888E+00  1.122224645353E+01
  8.050000000000E-04  1.726146655172E+14  1.494396394840E+20  4.264100005483E+01  8.021112620656E-01  2.000738038941E+00  1.130857142624E+01
  8.100000000000E-04  1.670369815861E+14  1.494580102869E+20  4.157090078886E+01  8.040802879072E-01  1.996203267464E+00  1.139489639896E+01
  8.150000000000E-04  1.616163485918E+14  1.494757788232E+20  4.053588354971E+01  8.060297216144E-01  1.991717815323E+00  1.148122137168E+01
  8.200000000000E-04  1.563495842502E+14  1.494929648376E+20  3.953479821172E+01  8.079597581320E-01  1.987281478044E+00  1.156754634440E+01
  8.250000000000E-04  1.512334976317E+14  1.495095874274E+20  3.856653235486E+01  8.098705904655E-01  1.982894058233E+00  1.165387131712E+01
  8.300000000000E-04  1.462648950472E+14  1.495256650639E+20  3.763001002856E+01  8.117624096995E-01  1.978555364983E+00  1.174019628984E+01
  8.350000000000E-04  1.414405855017E+14  1.495412156128E+20  3.672419055611E+01  8.136354050176E-01  1.974265213277E+00  1.182652126256E+01
  8.400000000000E-04  1.367573857381E+14  1.495562563540E+20  3.584806737822E+01  8.154897637210E-01  1.970023423390E+00  1.191284623528E+01
  8.450000000000E-04  1.322121248908E+14  1.495708040011E+20  3.500066693455E+01  8.173256712469E-01  1.965829820278E+00  1.199917120800E+01
  8.500000000000E-04  1.278016487687E+14  1.495848747196E+20  3.418104758189E+01  8.191433111878E-01  1.961684232974E+00  1.208549618072E+01
  8.550000000000E-04  1.235228237872E+14  1.495984841451E+20  3.338829854772E+01  8.209428653090E-01  1.957586493970E+00  1.217182115344E+01
  8.600000000000E-04  1.193725405672E+14  1.496116474005E+20  3.262153891824E+01  8.227245135676E-01  1.953536438614E+00  1.225814612616E+01
  8.650000000000E-04  1.153477172201E+14  1.496243791131E+20  3.187991665940E+01  8.244884341298E-01  1.949533904487E+00  1.234447109888E+01
  8.700000000000E-04  1.114453023347E+14  1.496366934306E+20  3.116260767018E+01  8.262348033892E-01  1.945578730804E+00  1.243079607160E+01
  8.750000000000E-04  1.076622776846E+14  1.496486040366E+20  3.046881486678E+01  8.279637959841E-01  1.941670757795E+00  1.251712104432E+01
  8.800000000000E-04  1.039956606706E+14  1.496601241666E+20  2.979776729693E+01  8.296755848152E-01  1.937809826113E+00  1.260344601704E+01
  8.850000000000E-04  1.004425065146E+14  1.496712666217E+20  2.914871928319E+01  8.313703410628E-01  1.933995776228E+00  1.268977098976E+01
  8.900000000000E-04  9.699991022028E+13  1.496820437838E+20  2.852094959431E+01  8.330482342041E-01  1.930228447845E+00  1.277609596247E+01
  8.950000000000E-04  9.366500831382E+13  1.496924676284E+20  2.791376064383E+01  8.347094320296E-01  1.926507679317E+00  1.286242093519E+01
  9.000000000000E-04  9.043498037898E+13  1.497025497388E+20  2.732647771490E+01  8.363541006606E-01  1.922833307080E+00  1.294874590791E+01
  9.050000000000E-04  8.730705040000E+13  1.497123013183E+20  2.675844821049E+01  8.379824045653E-01  1.919205165095E+00  1.303507088063E+01
  9.100000000000E-04  8.427848787157E+13  1.497217332029E+20  2.620904092828E+01  8.395945065755E-01  1.915623084302E+00  1.312139585335E+01
  9.150000000000E-04  8.134660900787E+13  1.497308558737E+20  2.567764535921E+01  8.411905679026E-01  1.912086892096E+00  1.320772082607E+01
  9.200000000000E-04  7.850877725337E+13  1.497396794677E+20  2.516367100907E+01  8.427707481541E-01  1.908596411813E+00  1.329404579879E+01
  9.250000000000E-04  7.576240419737E+13  1.497482137898E+20  2.466654674239E+01  8.443352053495E-01  1.905151462242E+00  1.338037077151E+01
  9.300000000000E-04  7.310495007415E+13  1.497564683236E+20  2.418572014771E+01  8.458840959357E-01  1.901751857150E+00  1.346669574423E+01
  9.350000000000E-04  7.053392419408E+13  1.497644522417E+20  2.372065692379E+01  8.474175748030E-01  1.898397404834E+00  1.355302071695E+01
  9.400000000000E-04  6.804688525829E+13  1.497721744157E+20  2.327084028588E+01  8.489357953007E-01  1.895087907696E+00  1.363934568967E+01
  9.450000000000E-04  6.564144156558E+13  1.497796434268E+20  2.283577039143E+01  8.504389092520E-01  1.891823161838E+00  1.372567066239E+01
  9.500000000000E-04  6.331525111996E+13  1.497868675745E+20  2.241496378468E+01  8.519270669696E-01  1.888602956690E+00  1.381199563511E+01
  9.550000000000E-04  6.106602164665E+13  1.497938548865E+20  2.200795285945E+01  8.534004172705E-01  1.885427074658E+00  1.389832060783E+01
  9.600000000000E-04  5.889151052378E+13  1.498006131272E+20  2.161428533949E+01  8.548591074910E-01  1.882295290805E+00  1.398464558055E+01
  9.650000000000E-04  5.678952463683E+13  1.498071498064E+20  2.123352377594E+01  8.563032835012E-01  1.879207372560E+00  1.407097055327E+01
  9.700000000000E-04  5.475792016237E+13  1.498134721878E+20  2.086524506124E+01  8.577330897201E-01  1.876163079455E+00  1.415729552599E+01
  9.750000000000E-04  5.279460228711E+13  1.498195872968E+20  2.050903995891E+01  8.591486691294E-01  1.873162162897E+00  1.424362049871E+01
  9.800000000000E-04  5.089752486811E+13  1.498255019288E+20  2.016451264887E+01  8.605501632882E-01  1.870204365963E+00  1.432994547142E+01
  9.850000000000E-04  4.906469003944E+13  1.498312226560E+20  1.983128028754E+01  8.619377123471E-01  1.867289423241E+00  1.441627044414E+01
  9.900000000000E-04  4.729414777043E+13  1.498367558355E+20  1.950897258246E+01  8.633114550622E-01  1.864417060684E+00  1.450259541686E+01
  9.950000000000E-04  4.558399538013E+13  1.498421076158E+20  1.919723138080E+01  8.646715288089E-01  1.861586995518E+00  1.458892038958E+01
  1.000000000000E-03  4.393237701243E+13  1.498472839438E+20  1.889571027137E+01  8.660180695958E-01  1.858798936159E+00  1.467524536230E+01
  1.005000000000E-03  4.233748307584E+13  1.498522905717E+20  1.860407419969E+01  8.673512120779E-01  1.856052582185E+00  1.476157033502E+01
  1.010000000000E-03  4.079754965187E+13  1.498571330627E+20  1.832199909568E+01  8.686710895707E-01  1.853347624323E+00  1.484789530774E+01
  1.015000000000E-03  3.931085787540E+13  1.498618167981E+20  1.804917151354E+01  8.699778340630E-01  1.850683744472E+00  1.493422028046E+01
  1.020000000000E-03  3.787573329044E+13  1.498663469823E+20  1.778528828344E+01  8.712715762304E-01  1.848060615766E+00  1.502054525318E+01
  1.025000000000E-03  3.649054518430E+13  1.498707286494E+20  1.753005617463E+01  8.725524454481E-01  1.845477902650E+00  1.510687022590E+01
  1.030000000000E-03  3.515370590291E+13  1.498749666683E+20  1.728319156964E+01  8.738205698041E-01  1.842935261004E+00  1.519319519862E+01
  1.035000000000E-03  3.386367015007E+13  1.498790657485E+20  1.704442014905E+01  8.750760761120E-01  1.840432338281E+00  1.527952017134E+01
  1.040000000000E-03  3.261893427277E+13  1.498830304449E+20  1.681347658672E+01  8.763190899234E-01  1.837968773680E+00  1.536584514406E+01
  1.045000000000E-03  3.141803553518E+13  1.498868651630E+20  1.659010425493E+01  8.775497355407E-01  1.835544198343E+00  1.545217011678E+01
  1.050000000000E-03  3.025955138298E+13  1.498905741641E+20  1.637405493923E+01  8.787681360295E-01  1.833158235577E+00  1.553849508950E+01
  1.055000000000E-03  2.914209870018E+13  1.498941615697E+20  1.616508856258E+01  8.799744132310E-01  1.830810501101E+00  1.562482006222E+01
  1.060000000000E-03  2.806433306008E+13  1.498976313662E+20  1.596297291862E+01  8.811686877737E-01  1.828500603316E+00  1.571114503494E+01
  1.065000000000E-03  2.702494797197E+13  1.499009874092E+20  1.576748341363E+01  8.823510790861E-01  1.826228143589E+00  1.579747000765E+01
  1.070000000000E-03  2.602267412503E+13  1.499042334280E+20  1.557840281692E+01  8.835217054084E-01  1.823992716564E+00  1.588379498037E+01
  1.075000000000E-03  2.505627863081E+13  1.499073730297E+20  1.539552101950E+01  8.846806838042E-01  1.821793910488E+00  1.597011995309E+01
  1.080000000000E-03  2.412456426553E+13  1.499104097030E+20  1.521863480055E+01  8.858281301723E-01  1.819631307552E+00  1.605644492581E+01
  1.085000000000E-03  2.322636871332E+13  1.499133468223E+20  1.504754760163E+01  8.869641592583E-01  1.817504484246E+00  1.614276989853E+01
  1.090000000000E-03  2.236056381136E+13  1.499161876514E+20  1.488206930825E+01  8.880888846660E-01  1.815413011728E+00  1.622909487125E+01
  1.095000000000E-03  2.152605479809E+13  1.499189353470E+20  1.472201603860E+01  8.892024188688E-01  1.813356456202E+00  1.631541984397E+01
  1.100000000000E-03  2.072177956512E+13  1.499215929624E+20  1.456720993927E+01  8.903048732213E-01  1.811334379307E+00  1.640174481669E+01
  1.105000000000E-03  1.994670791372E+13  1.499241634509E+20  1.441747898755E+01  8.913963579696E-01  1.809346338511E+00  1.648806978941E+01
  1.110000000000E-03  1.919984081676E+13  1.499266496687E+20  1.427265680030E+01  8.924769822633E-01  1.807391887514E+00  1.657439476213E+01
  1.115000000000E-03  1.848020968646E+13  1.499290543786E+20  1.413258244908E+01  8.935468541656E-01  1.805470576651E+00  1.666071973485E+01
  1.120000000000E-03  1.778687564888E+13  1.499313802527E+20  1.399710028132E+01  8.946060806645E-01  1.803581953303E+00  1.674704470757E+01
  1.125000000000E-03  1.711892882551E+13  1.499336298756E+20  1.386605974733E+01  8.956547676838E-01  1.801725562303E+00  1.683336968029E+01
  1.130000000000E-03  1.647548762243E+13  1.499358057471E+20  1.373931523305E+01  8.966930200928E-01  1.799900946344E+00  1.691969465301E+01
  1.135000000000E-03  1.585569802769E+13  1.499379102850E+20  1.361672589818E+01  8.977209417177E-01  1.798107646391E+00  1.700601962573E+01
  1.140000000000E-03  1.525873291713E+13  1.499399458280E+20  1.349815551975E+01  8.987386353516E-01  1.796345202077E+00  1.709234459845E+01
  1.145000000000E-03  1.468379136911E+13  1.499419146379E+20  1.338347234069E+01  8.997462027647E-01  1.794613152108E+00  1.717866957117E+01
  1.150000000000E-03  1.413009798072E+13  1.499438189026E+20  1.327254892345E+01  9.007437447144E-01  1.792911034652E+00  1.726499454389E+01
  1.155000000000E-03  1.359690223376E+13  1.499456607381E+20  1.316526200838E+01  9.017313609560E-01  1.791238387729E+00  1.735131951660E+01
  1.160000000000E-03  1.308347778698E+13  1.499474421910E+20  1.306149237675E+01  9.027091502517E-01  1.789594749587E+00  1.743764448932E+01
  1.165000000000E-03  1.258912186513E+13  1.499491652409E+20  1.296112471829E+01  9.036772103814E-01  1.787979659073E+00  1.752396946204E+01
  1.170000000000E-03  1.211315461325E+13  1.499508318025E+20  1.286404750307E+01  9.046356381518E-01  1.786392655994E+00  1.761029443476E+01
  1.175000000000E-03  1.165491847079E+13  1.499524437278E+20  1.277015285751E+01  9.055845294066E-01  1.784833281467E+00  1.769661940748E+01
  1.180000000000E-03  1.121377755627E+13  1.499540028078E+20  1.267933644458E+01  9.065239790357E-01  1.783301078255E+00  1.778294438020E+01
  1.185000000000E-03  1.078911706516E+13  1.499555107751E+20  1.259149734781E+01  9.074540809847E-01  1.781795591097E+00  1.786926935292E+01
  1.190000000000E-03  1.038034266499E+13  1.499569693054E+20  1.250653795916E+01  9.083749282648E-01  1.780316367022E+00  1.795559432564E+01
  1.195000000000E-03  9.986879935296E+12  1.499583800194E+20  1.242436387057E+01  9.092866129613E-01  1.778862955653E+00  1.804191929836E+01
  1.200000000000E-03  9.608173773694E+12  1.499597444847E+20  1.234488376904E+01  9.101892262435E-01  1.777434909490E+00  1.812824427108E+01
  1.205000000000E-03  9.243687846836E+12  1.499610642174E+20  1.226800933517E+01  9.110828583735E-01  1.776031784192E+00  1.821456924380E+01
  1.210000000000E-03  8.892904039091E+12  1.499623406842E+20  1.219365514502E+01  9.119675987152E-01  1.774653138835E+00  1.830089421652E+01
  1.215000000000E-03  8.555321914745E+12  1.499635753034E+20  1.212173857517E+01  9.128435357435E-01  1.773298536164E+00  1.838721918924E+01
  1.220000000000E-03  8.230458191462E+12  1.499647694470E+20  1.205217971092E+01  9.137107570526E-01  1.771967542821E+00  1.847354416196E+01
  1.225000000000E-03  7.917846225046E+12  1.499659244419E+20  1.198490125748E+01  9.145693493656E-01  1.770659729572E+00  1.855986913468E+01
  1.230000000000E-03  7.617035505456E+12  1.499670415716E+20  1.191982845411E+01  9.154193985424E-01  1.769374671507E+00  1.864619410740E+01
  1.235000000000E-03  7.327591159285E+12  1.499681220774E+20  1.185688899097E+01  9.162609895885E-01  1.768111948239E+00  1.873251908012E+01
  1.240000000000E-03  7.049093487236E+12  1.499691671600E+20  1.179601292888E+01  9.170942066637E-01  1.766871144075E+00  1.881884405283E+01
  1.245000000000E-03  6.781137465631E+12  1.499701779807E+20  1.173713262148E+01  9.179191330906E-01  1.765651848189E+00  1.890516902555E+01
  1.250000000000E-03  6.523332305690E+12  1.499711556628E+20  1.168018264017E+01  9.187358513623E-01  1.764453654769E+00  1.899149399827E+01
  1.255000000000E-03  6.275301000768E+12  1.499721012927E+20  1.162509970133E+01  9.195444431515E-01  1.763276163154E+00  1.907781897099E+01
  1.260000000000E-03  6.036679889115E+12  1.499730159211E+20  1.157182259601E+01  9.203449893180E-01  1.762118977966E+00  1.916414394371E+01
  1.265000000000E-03  5.807118227499E+12  1.499739005644E+20  1.152029212196E+01  9.211375699170E-01  1.760981709217E+00  1.925046891643E+01
  1.270000000000E-03  5.586277775598E+12  1.499747562057E+20  1.147045101780E+01  9.219222642072E-01  1.759863972414E+00  1.933679388915E+01
  1.275000000000E-03  5.373832391047E+12  1.499755837957E+20  1.142224389938E+01  9.226991506589E-01  1.758765388645E+00  1.942311886187E+01
  1.280000000000E-03  5.169467635030E+12  1.499763842541E+20  1.137561719830E+01  9.234683069611E-01  1.757685584661E+00  1.950944383459E+01
  1.285000000000E-03  4.972880388282E+12  1.499771584703E+20  1.133051910229E+01  9.242298100303E-01  1.756624192939E+00  1.959576880731E+01
  1.290000000000E-03  4.783778477384E+12  1.499779073048E+20  1.128689949774E+01  9.249837360174E-01  1.755580851737E+00  1.968209378003E+01
  1.295000000000E-03  4.601880311200E+12  1.499786315895E+20  1.124470991391E+01  9.257301603155E-01  1.754555205146E+00  1.976841875275E+01
  1.300000000000E-03  4.426914527314E+12  1.499793321293E+20  1.120390346917E+01  9.264691575678E-01  1.753546903118E+00  1.985474372547E+01
  1.305000000000E-03  4.258619648322E+12  1.499800097027E+20  1.116443481880E+01  9.272008016746E-01  1.752555601499E+00  1.994106869819E+01
  1.310000000000E-03  4.096743747817E+12  1.499806650626E+20  1.112626010471E+01  9.279251658008E-01  1.751580962042E+00  2.002739367091E+01
  1.315000000000E-03  3.941044125914E+12  1.499812989372E+20  1.108933690660E+01  9.286423223836E-01  1.750622652421E+00  2.011371864363E+01
  1.320000000000E-03  3.791286994142E+12  1.499819120310E+20  1.105362419492E+01  9.293523431392E-01  1.749680346227E+00  2.020004361635E+01
  1.325000000000E-03  3.647247169543E+12  1.499825050251E+20  1.101908228518E+01  9.300552990702E-01  1.748753722965E+00  2.028636858906E+01
  1.330000000000E-03  3.508707777808E+12  1.499830785786E+20  1.098567279394E+01  9.307512604728E-01  1.747842468037E+00  2.037269356178E+01
  1.335000000000E-03  3.375459965260E+12  1.499836333288E+20  1.095335859611E+01  9.314402969437E-01  1.746946272728E+00  2.045901853450E+01
  1.340000000000E-03  3.247302619532E+12  1.499841698921E+20  1.092210378369E+01  9.321224773873E-01  1.746064834169E+00  2.054534350722E+01
  1.345000000000E-03  3.124042098748E+12  1.499846888648E+20  1.089187362590E+01  9.327978700220E-01  1.745197855315E+00  2.063166847994E+01
  1.350000000000E-03  3.005491969019E+12  1.499851908235E+20  1.086263453057E+01  9.334665423876E-01  1.744345044897E+00  2.071799345266E+01
  1.355000000000E-03  2.891472750095E+12  1.499856763261E+20  1.083435400680E+01  9.341285613521E-01  1.743506117385E+00  2.080431842538E+01
  1.360000000000E-03  2.781811668975E+12  1.499861459120E+20  1.080700062887E+01  9.347839931179E-01  1.742680792938E+00  2.089064339810E+01
  1.365000000000E-03  2.676342421292E+12  1.499866001030E+20  1.078054400135E+01  9.354329032286E-01  1.741868797350E+00  2.097696837082E+01
  1.370000000000E-03  2.574904940304E+12  1.499870394039E+20  1.075495472524E+01  9.360753565758E-01  1.741069861993E+00  2.106329334354E+01
  1.375000000000E-03  2.477345173295E+12  1.499874643027E+20  1.073020436538E+01  9.367114174054E-01  1.740283723757E+00  2.114961831626E+01
  1.380000000000E-03  2.383514865214E+12  1.499878752718E+20  1.070626541884E+01  9.373411493240E-01  1.739510124989E+00  2.123594328898E+01
  1.385000000000E-03  2.293271349362E+12  1.499882727677E+20  1.068311128432E+01  9.379646153053E-01  1.738748813420E+00  2.132226826170E+01
  1.390000000000E-03  2.206477344961E+12  1.499886572321E+20  1.066071623261E+01  9.385818776964E-01  1.737999542098E+00  2.140859323442E+01
  1.395000000000E-03  2.123000761406E+12  1.499890290922E+20  1.063905537803E+01  9.391929982241E-01  1.737262069320E+00  2.149491820714E+01
  1.400000000000E-03  2.042714509048E+12  1.499893887614E+20  1.061810465073E+01  9.397980380010E-01  1.736536158548E+00  2.158124317986E+01
  1.405000000000E-03  1.965496316308E+12  1.499897366391E+20  1.059784076997E+01  9.403970575316E-01  1.735821578341E+00  2.166756815258E+01
  1.410000000000E-03  1.891228552972E+12  1.499900731121E+20  1.057824121824E+01  9.409901167182E-01  1.735118102273E+00  2.175389312530E+01
  1.415000000000E-03  1.819798059470E+12  1.499903985542E+20  1.055928421624E+01  9.415772748672E-01  1.734425508852E+00  2.184021809801E+01
  1.420000000000E-03  1.751095981999E+12  1.499907133271E+20  1.054094869870E+01  9.421585906951E-01  1.733743581443E+00  2.192654307073E+01
  1.425000000000E-03  1.685017613298E+12  1.499910177804E+20  1.052321429092E+01  9.427341223339E-01  1.733072108181E+00  2.201286804345E+01
  1.430000000000E-03  1.621462238925E+12  1.499913122526E+20  1.050606128618E+01  9.433039273372E-01  1.732410881892E+00  2.209919301617E+01
  1.435000000000E-03  1.560332988868E+12  1.499915970708E+20  1.048947062382E+01  9.438680626860E-01  1.731759700010E+00  2.218551798889E+01
  1.440000000000E-03  1.501536694345E+12  1.499918725516E+20  1.047342386807E+01  9.444265847942E-01  1.731118364488E+00  2.227184296161E+01
  1.445000000000E-03  1.444983749608E+12  1.499921390011E+20  1.045790318755E+01  9.449795495146E-01  1.730486681719E+00  2.235816793433E+01
  1.450000000000E-03  1.390587978636E+12  1.499923967153E+20  1.044289133546E+01  9.455270121442E-01  1.729864462449E+00  2.244449290705E+01
  1.455000000000E-03  1.338266506537E+12  1.499926459806E+20  1.042837163042E+01  9.460690274295E-01  1.729251521691E+00  2.253081787977E+01
  1.460000000000E-03  1.287939635521E+12  1.499928870740E+20  1.041432793793E+01  9.466056495726E-01  1.728647678645E+00  2.261714285249E+01
  1.465000000000E-03  1.239530725316E+12  1.499931202635E+20  1.040074465245E+01  9.471369322363E-01  1.728052756611E+00  2.270346782521E+01
  1.470000000000E-03  1.192966077857E+12  1.499933458081E+20  1.038760668003E+01  9.476629285490E-01  1.727466582905E+00  2.278979279793E+01
  1.475000000000E-03  1.148174826135E+12  1.499935639584E+20  1.037489942158E+01  9.481836911111E-01  1.726888988775E+00  2.287611777065E+01
  1.480000000000E-03  1.105088827069E+12  1.499937749570E+20  1.036260875661E+01  9.486992719990E-01  1.726319809321E+00  2.296244274337E+01
  1.485000000000E-03  1.063642558253E+12  1.499939790382E+20  1.035072102757E+01  9.492097227714E-01  1.725758883413E+00  2.304876771609E+01
  1.490000000000E-03  1.023773018467E+12  1.499941764288E+20  1.033922302465E+01  9.497150944738E-01  1.725206053604E+00  2.313509268881E+01
  1.495000000000E-03  9.854196318324E+11  1.499943673481E+20  1.032810197109E+01  9.502154376436E-01  1.724661166058E+00  2.322141766153E+01
  1.500000000000E-03  9.485241554625E+11  1.499945520084E+20  1.031734550904E+01  9.507108023158E-01  1.724124070461E+00  2.330774263424E+01
  1.505000000000E-03  9.130305905255E+11  1.499947306148E+20  1.030694168576E+01  9.512012380271E-01  1.723594619952E+00  2.339406760696E+01
  1.510000000000E-03  8.788850965782E+11  1.499949033658E+20  1.029687894038E+01  9.516867938216E-01  1.723072671037E+00  2.348039257968E+01
  1.515000000000E-03  8.460359090728E+11  1.499950704534E+20  1.028714609102E+01  9.521675182552E-01  1.722558083517E+00  2.356671755240E+01
  1.520000000000E-03  8.144332599224E+11  1.499952320631E+20  1.027773232243E+01  9.526434594007E-01  1.722050720410E+00  2.365304252512E+01
  1.525000000000E-03  7.840293010224E+11  1.499953883747E+20  1.026862717388E+01  9.531146648528E-01  1.721550447878E+00  2.373936749784E+01
  1.530000000000E-03  7.547780306226E+11  1.499955395618E+20  1.025982052760E+01  9.535811817322E-01  1.721057135155E+00  2.382569247056E+01
  1.535000000000E-03  7.266352224538E+11  1.499956857923E+20  1.025130259753E+01  9.540430566911E-01  1.720570654469E+00  2.391201744328E+01
  1.540000000000E-03  6.995583575091E+11  1.499958272289E+20  1.024306391843E+01  9.545003359174E-01  1.720090880978E+00  2.399834241600E+01
  1.545000000000E-03  6.735065583886E+11  1.499959640286E+20  1.023509533535E+01  9.549530651394E-01  1.719617692697E+00  2.408466738872E+01
  1.550000000000E-03  6.484405261149E+11  1.499960963435E+20  1.022738799350E+01  9.554012896304E-01  1.719150970429E+00  2.417099236144E+01
  1.555000000000E-03  6.243224793329E+11  1.499962243205E+20  1.021993332837E+01  9.558450542131E-01  1.718690597699E+00  2.425731733416E+01
  1.560000000000E-03  6.011160958074E+11  1.499963481020E+20  1.021272305623E+01  9.562844032645E-01  1.718236460687E+00  2.434364230688E+01
  1.565000000000E-03  5.787864561367E+11  1.499964678255E+20  1.020574916493E+01  9.567193807198E-01  1.717788448165E+00  2.442996727960E+01
  1.570000000000E-03  5.572999896016E+11  1.499965836239E+20  1.019900390498E+01  9.571500300771E-01  1.717346451431E+00  2.451629225232E+01
  1.575000000000E-03  5.366244220729E+11  1.499966956261E+20  1.019247978095E+01  9.575763944016E-01  1.716910364251E+00  2.460261722504E+01
  1.580000000000E-03  5.167287259022E+11  1.499968039563E+20  1.018616954316E+01  9.579985163303E-01  1.716480082793E+00  2.468894219776E+01
  1.585000000000E-03  4.975830717233E+11  1.499969087351E+20  1.018006617956E+01  9.584164380756E-01  1.716055505572E+00  2.477526717047E+01
  1.590000000000E-03  4.791587820954E+11  1.499970100788E+20  1.017416290802E+01  9.588302014300E-01  1.715636533389E+00  2.486159214319E+01
  1.595000000000E-03  4.614282869179E+11  1.499971081001E+20  1.016845316875E+01  9.592398477703E-01  1.715223069274E+00  2.494791711591E+01
  1.600000000000E-03  4.443650805549E+11  1.499972029079E+20  1.016293061699E+01  9.596454180614E-01  1.714815018432E+00  2.503424208863E+01
  1.605000000000E-03  4.279436806022E+11  1.499972946075E+20  1.015758911601E+01  9.600469528607E-01  1.714412288189E+00  2.512056706135E+01
  1.610000000000E-03  4.121395882389E+11  1.499973833008E+20  1.015242273027E+01  9.604444923220E-01  1.714014787933E+00  2.520689203407E+01
  1.615000000000E-03  3.969292501032E+11  1.499974690864E+20  1.014742571880E+01  9.608380761995E-01  1.713622429072E+00  2.529321700679E+01
  1.620000000000E-03  3.822900216354E+11  1.499975520596E+20  1.014259252884E+01  9.612277438520E-01  1.713235124972E+00  2.537954197951E+01
  1.625000000000E-03  3.682001318334E+11  1.499976323126E+20  1.013791778971E+01  9.616135342466E-01  1.712852790916E+00  2.546586695223E+01
  1.630000000000E-03  3.546386493679E+11  1.499977099346E+20  1.013339630675E+01  9.619954859626E-01  1.712475344052E+00  2.555219192495E+01
  1.635000000000E-03  3.415854500059E+11  1.499977850119E+20  1.012902305563E+01  9.623736371956E-01  1.712102703345E+00  2.563851689767E+01
  1.640000000000E-03  3.290211852927E+11  1.499978576279E+20  1.012479317674E+01  9.627480257609E-01  1.711734789533E+00  2.572484187039E+01
  1.645000000000E-03  3.169272524455E+11  1.499979278632E+20  1.012070196977E+01  9.631186890977E-01  1.711371525079E+00  2.581116684311E+01
  1.650000000000E-03  3.052857654123E+11  1.499979957959E+20  1.011674488852E+01  9.634856642728E-01  1.711012834132E+00  2.589749181583E+01
  1.655000000000E-03  2.940795270522E+11  1.499980615015E+20  1.011291753583E+01  9.638489879838E-01  1.710658642479E+00  2.598381678855E+01
  1.660000000000E-03  2.832920023936E+11  1.499981250531E+20  1.010921565868E+01  9.642086965635E-01  1.710308877506E+00  2.607014176127E+01
  1.665000000000E-03  2.729072929301E+11  1.499981865211E+20  1.010563514350E+01  9.645648259830E-01  1.709963468157E+00  2.615646673399E+01
  1.670000000000E-03  2.629101119144E+11  1.499982459741E+20  1.010217201157E+01  9.649174118556E-01  1.709622344892E+00  2.624279170671E+01
  1.675000000000E-03  2.532857606109E+11  1.499983034779E+20  1.009882241461E+01  9.652664894402E-01  1.709285439655E+00  2.632911667942E+01
  1.680000000000E-03  2.440201054720E+11  1.499983590965E+20  1.009558263050E+01  9.656120936447E-01  1.708952685827E+00  2.641544165214E+01
  1.685000000000E-03  2.350995562014E+11  1.499984128917E+20  1.009244905915E+01  9.659542590300E-01  1.708624018198E+00  2.650176662486E+01
  1.690000000000E-03  2.265110446702E+11  1.499984649233E+20  1.008941821848E+01  9.662930198127E-01  1.708299372924E+00  2.658809159758E+01
  1.695000000000E-03  2.182420046543E+11  1.499985152491E+20  1.008648674059E+01  9.666284098694E-01  1.707978687498E+00  2.667441657030E+01
  1.700000000000E-03  2.102803523599E+11  1.499985639250E+20  1.008365136798E+01  9.669604627393E-01  1.707661900712E+00  2.676074154302E+01
  1.705000000000E-03  2.026144677075E+11  1.499986110052E+20  1.008090894993E+01  9.672892116279E-01  1.707348952628E+00  2.684706651574E+01
  1.710000000000E-03  1.952331763451E+11  1.499986565418E+20  1.007825643905E+01  9.676146894104E-01  1.707039784543E+00  2.693339148846E+01
  1.715000000000E-03  1.881257323624E+11  1.499987005856E+20  1.007569088782E+01  9.679369286348E-01  1.706734338956E+00  2.701971646118E+01
  1.720000000000E-03  1.812818016779E+11  1.499987431855E+20  1.007320944535E+01  9.682559615254E-01  1.706432559542E+00  2.710604143390E+01
  1.725000000000E-03  1.746914460746E+11  1.499987843888E+20  1.007080935425E+01  9.685718199857E-01  1.706134391120E+00  2.719236640662E+01
  1.730000000000E-03  1.683451078575E+11  1.499988242412E+20  1.006848794750E+01  9.688845356018E-01  1.705839779626E+00  2.727869137934E+01
  1.735000000000E-03  1.622335951099E+11  1.499988627872E+20  1.006624264551E+01  9.691941396455E-01  1.705548672080E+00  2.736501635206E+01
  1.740000000000E-03  1.563480675239E+11  1.499989000695E+20  1.006407095328E+01  9.695006630776E-01  1.705261016566E+00  2.745134132478E+01
  1.745000000000E-03  1.506800227846E+11  1.499989361295E+20  1.006197045758E+01  9.698041365505E-01  1.704976762198E+00  2.753766629750E+01
  1.750000000000E-03  1.452212834846E+11  1.499989710073E+20  1.005993882433E+01  9.701045904119E-01  1.704695859100E+00  2.762399127022E+01
  1.755000000000E-03  1.399639845494E+11  1.499990047417E+20  1.005797379593E+01  9.704020547074E-01  1.704418258380E+00  2.771031624294E+01
  1.760000000000E-03  1.349005611534E+11  1.499990373701E+20  1.005607318883E+01  9.706965591838E-01  1.704143912099E+00  2.779664121565E+01
  1.765000000000E-03  1.300237371068E+11  1.499990689289E+20  1.005423489104E+01  9.709881332916E-01  1.703872773259E+00  2.788296618837E+01
  1.770000000000E-03  1.253265136963E+11  1.499990994531E+20  1.005245685983E+01  9.712768061886E-01  1.703604795768E+00  2.796929116109E+01
  1.775000000000E-03  1.208021589604E+11  1.499991289765E+20  1.005073711940E+01  9.715626067423E-01  1.703339934426E+00  2.805561613381E+01
  1.780000000000E-03  1.164441973835E+11  1.499991575320E+20  1.004907375878E+01  9.718455635330E-01  1.703078144898E+00  2.814194110653E+01
  1.785000000000E-03  1.122463999916E+11  1.499991851514E+20  1.004746492960E+01  9.721257048565E-01  1.702819383695E+00  2.822826607925E+01
  1.790000000000E-03  1.082027748346E+11  1.499992118653E+20  1.004590884412E+01  9.724030587273E-01  1.702563608154E+00  2.831459105197E+01
  1.795000000000E-03  1.043075578398E+11  1.499992377035E+20  1.004440377319E+01  9.726776528810E-01  1.702310776415E+00  2.840091602469E+01
  1.800000000000E-03  1.005552040212E+11  1.499992626945E+20  1.004294804435E+01  9.729495147772E-01  1.702060847405E+00  2.848724099741E+01
  1.805000000000E-03  9.694037903269E+10  1.499992868663E+20  1.004154003998E+01  9.732186716023E-01  1.701813780816E+00  2.857356597013E+01
  1.810000000000E-03  9.345795104949E+10  1.499993102456E+20  1.004017819548E+01  9.734851502723E-01  1.701569537086E+00  2.865989094285E+01
  1.815000000000E-03  9.010298296633E+10  1.499993328584E+20  1.003886099756E+01  9.737489774352E-01  1.701328077387E+00  2.874621591557E+01
  1.820000000000E-03  8.687072489964E+10  1.499993547299E+20  1.003758698252E+01  9.740101794740E-01  1.701089363598E+00  2.883254088829E+01
  1.825000000000E-03  8.375660698161E+10  1.499993758844E+20  1.003635473466E+01  9.742687825090E-01  1.700853358297E+00  2.891886586101E+01
  1.830000000000E-03  8.075623243495E+10  1.499993963453E+20  1.003516288469E+01  9.745248124009E-01  1.700620024737E+00  2.900519083373E+01
  1.835000000000E-03  7.786537091722E+10  1.499994161355E+20  1.003401010822E+01  9.747782947528E-01  1.700389326837E+00  2.909151580645E+01
  1.840000000000E-03  7.507995212421E+10  1.499994352768E+20  1.003289512424E+01  9.750292549131E-01  1.700161229159E+00  2.917784077917E+01
  1.845000000000E-03  7.239605964219E+10  1.499994537907E+20  1.003181669380E+01  9.752777179781E-01  1.699935696898E+00  2.926416575189E+01
  1.850000000000E-03  6.980992503926E+10  1.499994716975E+20  1.003077361850E+01  9.755237087944E-01  1.699712695867E+00  2.935049072460E+01
  1.855000000000E-03  6.731792218650E+10  1.499994890174E+20  1.002976473929E+01  9.757672519611E-01  1.699492192479E+00  2.943681569732E+01
  1.860000000000E-03  6.491656179985E+10  1.499995057694E+20  1.002878893507E+01  9.760083718328E-01  1.699274153736E+00  2.952314067004E+01
  1.865000000000E-03  6.260248619402E+10  1.499995219722E+20  1.002784512151E+01  9.762470925217E-01  1.699058547214E+00  2.960946564276E+01
  1.870000000000E-03  6.037246424029E+10  1.499995376438E+20  1.002693224985E+01  9.764834379000E-01  1.698845341050E+00  2.969579061548E+01
  1.875000000000E-03  5.822338651999E+10  1.499995528016E+20  1.002604930567E+01  9.767174316026E-01  1.698634503931E+00  2.978211558820E+01
  1.880000000000E-03  5.615226066615E+10  1.499995674625E+20  1.002519530785E+01  9.769490970289E-01  1.698426005078E+00  2.986844056092E+01
  1.885000000000E-03  5.415620688588E+10  1.499995816428E+20  1.002436930741E+01  9.771784573456E-01  1.698219814236E+00  2.995476553364E+01
  1.890000000000E-03  5.223245365646E+10  1.499995953582E+20  1.002357038649E+01  9.774055354892E-01  1.698015901661E+00  3.004109050636E+01
  1.895000000000E-03  5.037833358818E+10  1.499996086239E+20  1.002279765730E+01  9.776303541674E-01  1.697814238111E+00  3.012741547908E+01
  1.900000000000E-03  4.859127944759E+10  1.499996214547E+20  1.002205026120E+01  9.778529358624E-01  1.697614794831E+00  3.021374045180E+01
  1.905000000000E-03  4.686882033479E+10  1.499996338649E+20  1.002132736765E+01  9.780733028325E-01  1.697417543545E+00  3.030006542452E+01
  1.910000000000E-03  4.520857800870E+10  1.499996458683E+20  1.002062817337E+01  9.782914771147E-01  1.697222456442E+00  3.038639039724E+01
  1.915000000000E-03  4.360826335453E+10  1.499996574781E+20  1.001995190141E+01  9.785074805264E-01  1.697029506172E+00  3.047271536996E+01
  1.920000000000E-03  4.206567298795E+10  1.499996687073E+20  1.001929780028E+01  9.787213346684E-01  1.696838665827E+00  3.055904034268E+01
  1.925000000000E-03  4.057868599053E+10  1.499996795684E+20  1.001866514313E+01  9.789330609260E-01  1.696649908941E+00  3.064536531540E+01
  1.930000000000E-03  3.914526077136E+10  1.499996900734E+20  1.001805322696E+01  9.791426804722E-01  1.696463209471E+00  3.073169028812E+01
  1.935000000000E-03  3.776343204991E+10  1.499997002340E+20  1.001746137178E+01  9.793502142690E-01  1.696278541794E+00  3.081801526083E+01
  1.940000000000E-03  3.643130795534E+10  1.499997100615E+20  1.001688891992E+01  9.795556830701E-01  1.696095880697E+00  3.090434023355E+01
  1.945000000000E-03  3.514706723780E+10  1.499997195668E+20  1.001633523527E+01  9.797591074224E-01  1.695915201366E+00  3.099066520627E+01
  1.950000000000E-03  3.390895658726E+10  1.499997287605E+20  1.001579970255E+01  9.799605076687E-01  1.695736479379E+00  3.107699017899E+01
  1.955000000000E-03  3.271528805574E+10  1.499997376528E+20  1.001528172669E+01  9.801599039489E-01  1.695559690698E+00  3.116331515171E+01
  1.960000000000E-03  3.156443657884E+10  1.499997462535E+20  1.001478073210E+01  9.803573162031E-01  1.695384811660E+00  3.124964012443E+01
  1.965000000000E-03  3.045483759269E+10  1.499997545723E+20  1.001429616207E+01  9.805527641725E-01  1.695211818970E+00  3.133596509715E+01
  1.970000000000E-03  2.938498474271E+10  1.499997626184E+20  1.001382747812E+01  9.807462674021E-01  1.695040689690E+00  3.142229006987E+01
  1.975000000000E-03  2.835342768046E+10  1.499997704007E+20  1.001337415947E+01  9.809378452424E-01  1.694871401237E+00  3.150861504259E+01
  1.980000000000E-03  2.735876994517E+10  1.499997779279E+20  1.001293570237E+01  9.811275168513E-01  1.694703931373E+00  3.159494001531E+01
  1.985000000000E-03  2.639966692678E+10  1.499997852082E+20  1.001251161960E+01  9.813153011962E-01  1.694538258195E+00  3.168126498803E+01
  1.990000000000E-03  2.547482390712E+10  1.499997922500E+20  1.001210143992E+01  9.815012170556E-01  1.694374360134E+00  3.176758996075E+01
  1.995000000000E-03  2.458299417634E+10  1.499997990608E+20  1.001170470753E+01  9.816852830214E-01  1.694212215944E+00  3.185391493347E+01
  2.000000000000E-03  2.372297722155E+10  1.499998056484E+20  1.001132098158E+01  9.818675175002E-01  1.694051804695E+00  3.194023990619E+01
